# header of file: statC_Fe
# frequency (s):       3600.000000
# phase (s)    :          0.000000
# Regions      :   0
# Fields       : C_Fe    
# Nb of levels :   35
# end of header ------------------------------------------------------------
 
 field : C_Fe     ; Iter =         1 ; region #   0 ; nb.Lev =  35
 k | --   Average    -- | --   Std.Dev    -- | --     min      -- | --     max      -- | --    Vol
  0  5.2977293323960E-13  3.0816222441865E-12  0.0000000000000E+00  2.7300475845996E-11  3.0811817830111E+13
  1  1.7691555657282E-11  2.1684043449710E-19  1.7691555657282E-11  1.7691555657282E-11  8.8159707668415E+10
  2  1.7401114914407E-11  0.0000000000000E+00  1.7401114914407E-11  1.7401114914407E-11  8.8159707668415E+10
  3  1.6951047624396E-11  0.0000000000000E+00  1.6951047624396E-11  1.6951047624396E-11  8.8159707668415E+10
  4  1.6012666610148E-11 -4.7019774032892E-38  1.6012666610148E-11  1.6012666610148E-11  8.8159707668415E+10
  5  1.4902776964084E-11 -9.4039548065783E-38  1.4902776964084E-11  1.4902776964084E-11  8.8159707668415E+10
  6  2.7300475845996E-11 -1.8807909613157E-37  2.7300475845996E-11  2.7300475845996E-11  8.8159707668415E+10
  7  2.4487387708304E-11  0.0000000000000E+00  2.4487387708304E-11  2.4487387708304E-11  8.8159707668415E+10
  8  2.0106703644617E-11  0.0000000000000E+00  2.0106703644617E-11  2.0106703644617E-11  8.8159707668415E+10
  9  1.3999798343403E-11 -7.0529661049337E-38  1.3999798343403E-11  1.3999798343403E-11  8.8159707668415E+10
 10  8.1212713090658E-12  0.0000000000000E+00  8.1212713090658E-12  8.1212713090658E-12  8.8159707668415E+10
 11  4.2849553937893E-12  0.0000000000000E+00  4.2849553937893E-12  4.2849553937893E-12  8.8159707668415E+10
 12  2.1286806480623E-12  0.0000000000000E+00  2.1286806480623E-12  2.1286806480623E-12  8.8159707668415E+10
 13  1.0536929824823E-12  0.0000000000000E+00  1.0536929824823E-12  1.0536929824823E-12  8.8159707668415E+10
 14  4.9256153199208E-13 -9.1835496157991E-41  4.9256153199208E-13  4.9256153199208E-13  8.8159707668415E+10
 15  1.4705302370960E-13  0.0000000000000E+00  1.4705302370960E-13  1.4705302370960E-13  1.3223956150262E+11
 16  1.6408624518643E-16  0.0000000000000E+00  1.6408624518643E-16  1.6408624518643E-16  1.3223956150262E+11
 17  8.3549517860768E-17 -1.3684555315672E-48  8.3549517860768E-17  8.3549517860768E-17  1.3223956150262E+11
 18  0.0000000000000E+00  0.0000000000000E+00  0.0000000000000E+00  0.0000000000000E+00  1.3223956150262E+11
 19  0.0000000000000E+00  0.0000000000000E+00  0.0000000000000E+00  0.0000000000000E+00  1.3223956150262E+11
 20  0.0000000000000E+00  0.0000000000000E+00  0.0000000000000E+00  0.0000000000000E+00  1.7631941533683E+11
 21  0.0000000000000E+00  0.0000000000000E+00  0.0000000000000E+00  0.0000000000000E+00  1.7631941533683E+11
 22  0.0000000000000E+00  0.0000000000000E+00  0.0000000000000E+00  0.0000000000000E+00  1.7631941533683E+11
 23  0.0000000000000E+00  0.0000000000000E+00  0.0000000000000E+00  0.0000000000000E+00  1.7631941533683E+11
 24  0.0000000000000E+00  0.0000000000000E+00  0.0000000000000E+00  0.0000000000000E+00  4.4079853834208E+11
 25  0.0000000000000E+00  0.0000000000000E+00  0.0000000000000E+00  0.0000000000000E+00  4.4079853834208E+11
 26  0.0000000000000E+00  0.0000000000000E+00  0.0000000000000E+00  0.0000000000000E+00  8.8159707668415E+11
 27  0.0000000000000E+00  0.0000000000000E+00  0.0000000000000E+00  0.0000000000000E+00  1.3223956150262E+12
 28  0.0000000000000E+00  0.0000000000000E+00  0.0000000000000E+00  0.0000000000000E+00  1.3223956150262E+12
 29  0.0000000000000E+00  0.0000000000000E+00  0.0000000000000E+00  0.0000000000000E+00  1.7631941533683E+12
 30  0.0000000000000E+00  0.0000000000000E+00  0.0000000000000E+00  0.0000000000000E+00  2.6447912300525E+12
 31  0.0000000000000E+00  0.0000000000000E+00  0.0000000000000E+00  0.0000000000000E+00  3.5263883067366E+12
 32  0.0000000000000E+00  0.0000000000000E+00  0.0000000000000E+00  0.0000000000000E+00  3.5263883067366E+12
 33  0.0000000000000E+00  0.0000000000000E+00  0.0000000000000E+00  0.0000000000000E+00  3.5263883067366E+12
 34  0.0000000000000E+00  0.0000000000000E+00  0.0000000000000E+00  0.0000000000000E+00  4.4079853834208E+12
 35  0.0000000000000E+00  0.0000000000000E+00  0.0000000000000E+00  0.0000000000000E+00  4.4079853834208E+12
 
 field : C_Fe     ; Iter =         2 ; region #   0 ; nb.Lev =  35
 k | --   Average    -- | --   Std.Dev    -- | --     min      -- | --     max      -- | --    Vol
  0  5.3403486351103E-13  3.1074513611188E-12  0.0000000000000E+00  2.7537691041286E-11  3.0811817830111E+13
  1  1.7778420532289E-11 -9.4039548065783E-38  1.7778420532289E-11  1.7778420532289E-11  8.8159707668415E+10
  2  1.7604647842772E-11  2.1684043449710E-19  1.7604647842772E-11  1.7604647842772E-11  8.8159707668415E+10
  3  1.7198174416748E-11  0.0000000000000E+00  1.7198174416748E-11  1.7198174416748E-11  8.8159707668415E+10
  4  1.6189627969955E-11 -4.7019774032892E-38  1.6189627969955E-11  1.6189627969955E-11  8.8159707668415E+10
  5  1.5037957521538E-11 -9.4039548065783E-38  1.5037957521538E-11  1.5037957521538E-11  8.8159707668415E+10
  6  2.7537691041286E-11 -9.4039548065783E-38  2.7537691041286E-11  2.7537691041286E-11  8.8159707668415E+10
  7  2.4670428113987E-11 -1.8807909613157E-37  2.4670428113987E-11  2.4670428113987E-11  8.8159707668415E+10
  8  2.0229909924790E-11  3.0665868333667E-19  2.0229909924790E-11  2.0229909924790E-11  8.8159707668415E+10
  9  1.4056989181709E-11  0.0000000000000E+00  1.4056989181709E-11  1.4056989181709E-11  8.8159707668415E+10
 10  8.1449206806046E-12  1.5332934166834E-19  8.1449206806046E-12  8.1449206806046E-12  8.8159707668415E+10
 11  4.2941878513518E-12  0.0000000000000E+00  4.2941878513518E-12  4.2941878513518E-12  8.8159707668415E+10
 12  2.1323644573166E-12  0.0000000000000E+00  2.1323644573166E-12  2.1323644573166E-12  8.8159707668415E+10
 13  1.0551286125397E-12  1.3552527156069E-20  1.0551286125397E-12  1.0551286125397E-12  8.8159707668415E+10
 14  4.9320506413614E-13  9.5830838542711E-21  4.9320506413614E-13  4.9320506413614E-13  8.8159707668415E+10
 15  1.4730886152240E-13 -8.6095777648117E-42  1.4730886152240E-13  1.4730886152240E-13  1.3223956150262E+11
 16  2.9529110852487E-16  0.0000000000000E+00  2.9529110852487E-16  2.9529110852487E-16  1.3223956150262E+11
 17  8.3571424741134E-17 -1.3684555315672E-48  8.3571424741134E-17  8.3571424741134E-17  1.3223956150262E+11
 18  0.0000000000000E+00  0.0000000000000E+00  0.0000000000000E+00  0.0000000000000E+00  1.3223956150262E+11
 19  0.0000000000000E+00  0.0000000000000E+00  0.0000000000000E+00  0.0000000000000E+00  1.3223956150262E+11
 20  0.0000000000000E+00  0.0000000000000E+00  0.0000000000000E+00  0.0000000000000E+00  1.7631941533683E+11
 21  0.0000000000000E+00  0.0000000000000E+00  0.0000000000000E+00  0.0000000000000E+00  1.7631941533683E+11
 22  0.0000000000000E+00  0.0000000000000E+00  0.0000000000000E+00  0.0000000000000E+00  1.7631941533683E+11
 23  0.0000000000000E+00  0.0000000000000E+00  0.0000000000000E+00  0.0000000000000E+00  1.7631941533683E+11
 24  0.0000000000000E+00  0.0000000000000E+00  0.0000000000000E+00  0.0000000000000E+00  4.4079853834208E+11
 25  0.0000000000000E+00  0.0000000000000E+00  0.0000000000000E+00  0.0000000000000E+00  4.4079853834208E+11
 26  0.0000000000000E+00  0.0000000000000E+00  0.0000000000000E+00  0.0000000000000E+00  8.8159707668415E+11
 27  0.0000000000000E+00  0.0000000000000E+00  0.0000000000000E+00  0.0000000000000E+00  1.3223956150262E+12
 28  0.0000000000000E+00  0.0000000000000E+00  0.0000000000000E+00  0.0000000000000E+00  1.3223956150262E+12
 29  0.0000000000000E+00  0.0000000000000E+00  0.0000000000000E+00  0.0000000000000E+00  1.7631941533683E+12
 30  0.0000000000000E+00  0.0000000000000E+00  0.0000000000000E+00  0.0000000000000E+00  2.6447912300525E+12
 31  0.0000000000000E+00  0.0000000000000E+00  0.0000000000000E+00  0.0000000000000E+00  3.5263883067366E+12
 32  0.0000000000000E+00  0.0000000000000E+00  0.0000000000000E+00  0.0000000000000E+00  3.5263883067366E+12
 33  0.0000000000000E+00  0.0000000000000E+00  0.0000000000000E+00  0.0000000000000E+00  3.5263883067366E+12
 34  0.0000000000000E+00  0.0000000000000E+00  0.0000000000000E+00  0.0000000000000E+00  4.4079853834208E+12
 35  0.0000000000000E+00  0.0000000000000E+00  0.0000000000000E+00  0.0000000000000E+00  4.4079853834208E+12
 
 field : C_Fe     ; Iter =         3 ; region #   0 ; nb.Lev =  35
 k | --   Average    -- | --   Std.Dev    -- | --     min      -- | --     max      -- | --    Vol
  0  5.3831021373659E-13  3.1333600055707E-12  0.0000000000000E+00  2.7775783343251E-11  3.0811817830111E+13
  1  1.7910803879848E-11 -4.7019774032892E-38  1.7910803879848E-11  1.7910803879848E-11  8.8159707668415E+10
  2  1.7766091080881E-11  0.0000000000000E+00  1.7766091080881E-11  1.7766091080881E-11  8.8159707668415E+10
  3  1.7386790095786E-11  0.0000000000000E+00  1.7386790095786E-11  1.7386790095786E-11  8.8159707668415E+10
  4  1.6430562434725E-11  2.1684043449710E-19  1.6430562434725E-11  1.6430562434725E-11  8.8159707668415E+10
  5  1.5172145823024E-11  2.1684043449710E-19  1.5172145823024E-11  1.5172145823024E-11  8.8159707668415E+10
  6  2.7775783343251E-11 -9.4039548065783E-38  2.7775783343251E-11  2.7775783343251E-11  8.8159707668415E+10
  7  2.4853664018088E-11  0.0000000000000E+00  2.4853664018088E-11  2.4853664018088E-11  8.8159707668415E+10
  8  2.0352084058650E-11 -4.7019774032892E-38  2.0352084058650E-11  2.0352084058650E-11  8.8159707668415E+10
  9  1.4112944236437E-11 -2.3509887016446E-38  1.4112944236437E-11  1.4112944236437E-11  8.8159707668415E+10
 10  8.1676458784026E-12 -2.3509887016446E-38  8.1676458784026E-12  8.1676458784026E-12  8.8159707668415E+10
 11  4.3028722368979E-12  5.4210108624275E-20  4.3028722368979E-12  4.3028722368979E-12  8.8159707668415E+10
 12  2.1357583224525E-12  2.7105054312138E-20  2.1357583224525E-12  2.1357583224525E-12  8.8159707668415E+10
 13  1.0564162492916E-12  1.9166167708542E-20  1.0564162492916E-12  1.0564162492916E-12  8.8159707668415E+10
 14  4.9377766079437E-13 -9.1835496157991E-41  4.9377766079437E-13  4.9377766079437E-13  8.8159707668415E+10
 15  1.4754331795921E-13 -2.8698592549372E-42  1.4754331795921E-13  1.4754331795921E-13  1.3223956150262E+11
 16  4.2644090264184E-16  0.0000000000000E+00  4.2644090264184E-16  4.2644090264184E-16  1.3223956150262E+11
 17  8.3829411307783E-17  0.0000000000000E+00  8.3829411307783E-17  8.3829411307783E-17  1.3223956150262E+11
 18  0.0000000000000E+00  0.0000000000000E+00  0.0000000000000E+00  0.0000000000000E+00  1.3223956150262E+11
 19  0.0000000000000E+00  0.0000000000000E+00  0.0000000000000E+00  0.0000000000000E+00  1.3223956150262E+11
 20  0.0000000000000E+00  0.0000000000000E+00  0.0000000000000E+00  0.0000000000000E+00  1.7631941533683E+11
 21  0.0000000000000E+00  0.0000000000000E+00  0.0000000000000E+00  0.0000000000000E+00  1.7631941533683E+11
 22  0.0000000000000E+00  0.0000000000000E+00  0.0000000000000E+00  0.0000000000000E+00  1.7631941533683E+11
 23  0.0000000000000E+00  0.0000000000000E+00  0.0000000000000E+00  0.0000000000000E+00  1.7631941533683E+11
 24  0.0000000000000E+00  0.0000000000000E+00  0.0000000000000E+00  0.0000000000000E+00  4.4079853834208E+11
 25  0.0000000000000E+00  0.0000000000000E+00  0.0000000000000E+00  0.0000000000000E+00  4.4079853834208E+11
 26  0.0000000000000E+00  0.0000000000000E+00  0.0000000000000E+00  0.0000000000000E+00  8.8159707668415E+11
 27  0.0000000000000E+00  0.0000000000000E+00  0.0000000000000E+00  0.0000000000000E+00  1.3223956150262E+12
 28  0.0000000000000E+00  0.0000000000000E+00  0.0000000000000E+00  0.0000000000000E+00  1.3223956150262E+12
 29  0.0000000000000E+00  0.0000000000000E+00  0.0000000000000E+00  0.0000000000000E+00  1.7631941533683E+12
 30  0.0000000000000E+00  0.0000000000000E+00  0.0000000000000E+00  0.0000000000000E+00  2.6447912300525E+12
 31  0.0000000000000E+00  0.0000000000000E+00  0.0000000000000E+00  0.0000000000000E+00  3.5263883067366E+12
 32  0.0000000000000E+00  0.0000000000000E+00  0.0000000000000E+00  0.0000000000000E+00  3.5263883067366E+12
 33  0.0000000000000E+00  0.0000000000000E+00  0.0000000000000E+00  0.0000000000000E+00  3.5263883067366E+12
 34  0.0000000000000E+00  0.0000000000000E+00  0.0000000000000E+00  0.0000000000000E+00  4.4079853834208E+12
 35  0.0000000000000E+00  0.0000000000000E+00  0.0000000000000E+00  0.0000000000000E+00  4.4079853834208E+12
 
 field : C_Fe     ; Iter =         4 ; region #   0 ; nb.Lev =  35
 k | --   Average    -- | --   Std.Dev    -- | --     min      -- | --     max      -- | --    Vol
  0  5.4242303102295E-13  3.1584289373687E-12  0.0000000000000E+00  2.8014739863480E-11  3.0811817830111E+13
  1  1.8036089118095E-11 -9.4039548065783E-38  1.8036089118095E-11  1.8036089118095E-11  8.8159707668415E+10
  2  1.7903102776147E-11  2.1684043449710E-19  1.7903102776147E-11  1.7903102776147E-11  8.8159707668415E+10
  3  1.7546869414151E-11  0.0000000000000E+00  1.7546869414151E-11  1.7546869414151E-11  8.8159707668415E+10
  4  1.6676752951068E-11  0.0000000000000E+00  1.6676752951068E-11  1.6676752951068E-11  8.8159707668415E+10
  5  1.5307575435891E-11  0.0000000000000E+00  1.5307575435891E-11  1.5307575435891E-11  8.8159707668415E+10
  6  2.8014739863480E-11  3.0665868333667E-19  2.8014739863480E-11  2.8014739863480E-11  8.8159707668415E+10
  7  2.5037083260111E-11  4.3368086899420E-19  2.5037083260111E-11  2.5037083260111E-11  8.8159707668415E+10
  8  2.0473216015793E-11 -4.7019774032892E-38  2.0473216015793E-11  2.0473216015793E-11  8.8159707668415E+10
  9  1.4167660722425E-11  0.0000000000000E+00  1.4167660722425E-11  1.4167660722425E-11  8.8159707668415E+10
 10  8.1894495824853E-12  0.0000000000000E+00  8.1894495824853E-12  8.1894495824853E-12  8.8159707668415E+10
 11  4.3110115386544E-12 -2.9387358770557E-39  4.3110115386544E-12  4.3110115386544E-12  8.8159707668415E+10
 12  2.1388642166625E-12  0.0000000000000E+00  2.1388642166625E-12  2.1388642166625E-12  8.8159707668415E+10
 13  1.0575570549923E-12  0.0000000000000E+00  1.0575570549923E-12  1.0575570549923E-12  8.8159707668415E+10
 14  4.9427988978845E-13  0.0000000000000E+00  4.9427988978845E-13  4.9427988978845E-13  8.8159707668415E+10
 15  1.4775653393419E-13  2.3957709635678E-21  1.4775653393419E-13  1.4775653393419E-13  1.3223956150262E+11
 16  5.5747913811046E-16  1.1461750783822E-23  5.5747913811046E-16  5.5747913811046E-16  1.3223956150262E+11
 17  8.4322111117737E-17 -1.3684555315672E-48  8.4322111117737E-17  8.4322111117737E-17  1.3223956150262E+11
 18  0.0000000000000E+00  0.0000000000000E+00  0.0000000000000E+00  0.0000000000000E+00  1.3223956150262E+11
 19  0.0000000000000E+00  0.0000000000000E+00  0.0000000000000E+00  0.0000000000000E+00  1.3223956150262E+11
 20  0.0000000000000E+00  0.0000000000000E+00  0.0000000000000E+00  0.0000000000000E+00  1.7631941533683E+11
 21  0.0000000000000E+00  0.0000000000000E+00  0.0000000000000E+00  0.0000000000000E+00  1.7631941533683E+11
 22  0.0000000000000E+00  0.0000000000000E+00  0.0000000000000E+00  0.0000000000000E+00  1.7631941533683E+11
 23  0.0000000000000E+00  0.0000000000000E+00  0.0000000000000E+00  0.0000000000000E+00  1.7631941533683E+11
 24  0.0000000000000E+00  0.0000000000000E+00  0.0000000000000E+00  0.0000000000000E+00  4.4079853834208E+11
 25  0.0000000000000E+00  0.0000000000000E+00  0.0000000000000E+00  0.0000000000000E+00  4.4079853834208E+11
 26  0.0000000000000E+00  0.0000000000000E+00  0.0000000000000E+00  0.0000000000000E+00  8.8159707668415E+11
 27  0.0000000000000E+00  0.0000000000000E+00  0.0000000000000E+00  0.0000000000000E+00  1.3223956150262E+12
 28  0.0000000000000E+00  0.0000000000000E+00  0.0000000000000E+00  0.0000000000000E+00  1.3223956150262E+12
 29  0.0000000000000E+00  0.0000000000000E+00  0.0000000000000E+00  0.0000000000000E+00  1.7631941533683E+12
 30  0.0000000000000E+00  0.0000000000000E+00  0.0000000000000E+00  0.0000000000000E+00  2.6447912300525E+12
 31  0.0000000000000E+00  0.0000000000000E+00  0.0000000000000E+00  0.0000000000000E+00  3.5263883067366E+12
 32  0.0000000000000E+00  0.0000000000000E+00  0.0000000000000E+00  0.0000000000000E+00  3.5263883067366E+12
 33  0.0000000000000E+00  0.0000000000000E+00  0.0000000000000E+00  0.0000000000000E+00  3.5263883067366E+12
 34  0.0000000000000E+00  0.0000000000000E+00  0.0000000000000E+00  0.0000000000000E+00  4.4079853834208E+12
 35  0.0000000000000E+00  0.0000000000000E+00  0.0000000000000E+00  0.0000000000000E+00  4.4079853834208E+12
 
# records End here.
