# header of file: statS_Fe
# frequency (s):       3600.000000
# phase (s)    :          0.000000
# Regions      :   0
# Fields       : S_Fe    
# Nb of levels :   35
# end of header ------------------------------------------------------------
 
 field : S_Fe     ; Iter =         1 ; region #   0 ; nb.Lev =  35
 k | --   Average    -- | --   Std.Dev    -- | --     min      -- | --     max      -- | --    Vol
  0  2.7281198041226E-12  4.6564419197117E-12  1.5700535929112E-14  4.2673989505800E-11  3.0811817830111E+13
  1  4.2673989505800E-11 -3.7615819226313E-37  4.2673989505800E-11  4.2673989505800E-11  8.8159707668415E+10
  2  1.8087883719564E-11  3.0665868333667E-19  1.8087883719564E-11  1.8087883719564E-11  8.8159707668415E+10
  3  1.8097223864798E-11 -4.7019774032892E-38  1.8097223864798E-11  1.8097223864798E-11  8.8159707668415E+10
  4  1.8429515410517E-11 -4.7019774032892E-38  1.8429515410517E-11  1.8429515410517E-11  8.8159707668415E+10
  5  1.8883214178090E-11  0.0000000000000E+00  1.8883214178090E-11  1.8883214178090E-11  8.8159707668415E+10
  6  1.8159038211981E-11 -4.7019774032892E-38  1.8159038211981E-11  1.8159038211981E-11  8.8159707668415E+10
  7  1.7447262928808E-11 -4.7019774032892E-38  1.7447262928808E-11  1.7447262928808E-11  8.8159707668415E+10
  8  1.3588522888738E-11  1.5332934166834E-19  1.3588522888738E-11  1.3588522888738E-11  8.8159707668415E+10
  9  9.7451491886569E-12 -1.1754943508223E-38  9.7451491886569E-12  9.7451491886569E-12  8.8159707668415E+10
 10  8.5323545721612E-12  0.0000000000000E+00  8.5323545721612E-12  8.5323545721612E-12  8.8159707668415E+10
 11  8.1897532859035E-12  0.0000000000000E+00  8.1897532859035E-12  8.1897532859035E-12  8.8159707668415E+10
 12  7.8564518824345E-12  1.5332934166834E-19  7.8564518824345E-12  7.8564518824345E-12  8.8159707668415E+10
 13  7.5111102667240E-12 -1.1754943508223E-38  7.5111102667240E-12  7.5111102667240E-12  8.8159707668415E+10
 14  7.1829216586070E-12  0.0000000000000E+00  7.1829216586070E-12  7.1829216586070E-12  8.8159707668415E+10
 15  6.7920282388505E-12  0.0000000000000E+00  6.7920282388505E-12  6.7920282388505E-12  1.3223956150262E+11
 16  6.4003653279424E-12  0.0000000000000E+00  6.4003653279424E-12  6.4003653279424E-12  1.3223956150262E+11
 17  6.3500739285259E-12  0.0000000000000E+00  6.3500739285259E-12  6.3500739285259E-12  1.3223956150262E+11
 18  6.3001981454160E-12  1.0842021724855E-19  6.3001981454160E-12  6.3001981454160E-12  1.3223956150262E+11
 19  6.2527529194694E-12  0.0000000000000E+00  6.2527529194694E-12  6.2527529194694E-12  1.3223956150262E+11
 20  6.1345841327701E-12  1.0842021724855E-19  6.1345841327701E-12  6.1345841327701E-12  1.7631941533683E+11
 21  5.4887903336182E-12  7.6664670834169E-20  5.4887903336182E-12  5.4887903336182E-12  1.7631941533683E+11
 22  4.8507161244448E-12  5.4210108624275E-20  4.8507161244448E-12  4.8507161244448E-12  1.7631941533683E+11
 23  4.2209772425347E-12  0.0000000000000E+00  4.2209772425347E-12  4.2209772425347E-12  1.7631941533683E+11
 24  3.3109455126886E-12  0.0000000000000E+00  3.3109455126886E-12  3.3109455126886E-12  4.4079853834208E+11
 25  2.5342034636807E-12  0.0000000000000E+00  2.5342034636807E-12  2.5342034636807E-12  4.4079853834208E+11
 26  1.5606094662782E-12 -3.6734198463196E-40  1.5606094662782E-12  1.5606094662782E-12  8.8159707668415E+11
 27  1.3504212824852E-12  0.0000000000000E+00  1.3504212824852E-12  1.3504212824852E-12  1.3223956150262E+12
 28  1.1432687472383E-12 -1.8367099231598E-40  1.1432687472383E-12  1.1432687472383E-12  1.3223956150262E+12
 29  9.2794776376401E-13  0.0000000000000E+00  9.2794776376401E-13  9.2794776376401E-13  1.7631941533683E+12
 30  6.3763618194510E-13  0.0000000000000E+00  6.3763618194510E-13  6.3763618194510E-13  2.6447912300525E+12
 31  3.6944363056366E-13  4.7915419271355E-21  3.6944363056366E-13  3.6944363056366E-13  3.5263883067366E+12
 32  1.9038761468799E-13  0.0000000000000E+00  1.9038761468799E-13  1.9038761468799E-13  3.5263883067366E+12
 33  8.4813753922214E-14  1.1978854817839E-21  8.4813753922214E-14  8.4813753922214E-14  3.5263883067366E+12
 34  1.5700535929112E-14  0.0000000000000E+00  1.5700535929112E-14  1.5700535929112E-14  4.4079853834208E+12
 35  1.0061283179670E-11  0.0000000000000E+00  1.0061283179670E-11  1.0061283179670E-11  4.4079853834208E+12
 
 field : S_Fe     ; Iter =         2 ; region #   0 ; nb.Lev =  35
 k | --   Average    -- | --   Std.Dev    -- | --     min      -- | --     max      -- | --    Vol
  0  2.7278461930930E-12  4.6564044228656E-12  1.5707791810489E-14  4.2710190885973E-11  3.0811817830111E+13
  1  4.2710190885973E-11  0.0000000000000E+00  4.2710190885973E-11  4.2710190885973E-11  8.8159707668415E+10
  2  1.8079598097370E-11  0.0000000000000E+00  1.8079598097370E-11  1.8079598097370E-11  8.8159707668415E+10
  3  1.8090789314170E-11  0.0000000000000E+00  1.8090789314170E-11  1.8090789314170E-11  8.8159707668415E+10
  4  1.8387672546663E-11 -9.4039548065783E-38  1.8387672546663E-11  1.8387672546663E-11  8.8159707668415E+10
  5  1.8868086814618E-11 -4.7019774032892E-38  1.8868086814618E-11  1.8868086814618E-11  8.8159707668415E+10
  6  1.8137048416297E-11 -4.7019774032892E-38  1.8137048416297E-11  1.8137048416297E-11  8.8159707668415E+10
  7  1.7424675724412E-11  0.0000000000000E+00  1.7424675724412E-11  1.7424675724412E-11  8.8159707668415E+10
  8  1.3582180776801E-11 -2.3509887016446E-38  1.3582180776801E-11  1.3582180776801E-11  8.8159707668415E+10
  9  9.7422458227627E-12  1.0842021724855E-19  9.7422458227627E-12  9.7422458227627E-12  8.8159707668415E+10
 10  8.5302930654749E-12  0.0000000000000E+00  8.5302930654749E-12  8.5302930654749E-12  8.8159707668415E+10
 11  8.1872566201848E-12  1.0842021724855E-19  8.1872566201848E-12  8.1872566201848E-12  8.8159707668415E+10
 12  7.8533991504129E-12 -2.3509887016446E-38  7.8533991504129E-12  7.8533991504129E-12  8.8159707668415E+10
 13  7.5082180793257E-12  1.5332934166834E-19  7.5082180793257E-12  7.5082180793257E-12  8.8159707668415E+10
 14  7.1798600460645E-12 -5.8774717541114E-39  7.1798600460645E-12  7.1798600460645E-12  8.8159707668415E+10
 15  6.7886146437938E-12 -5.8774717541114E-39  6.7886146437938E-12  6.7886146437938E-12  1.3223956150262E+11
 16  6.3966567029691E-12  0.0000000000000E+00  6.3966567029691E-12  6.3966567029691E-12  1.3223956150262E+11
 17  6.3464941564400E-12  0.0000000000000E+00  6.3464941564400E-12  6.3464941564400E-12  1.3223956150262E+11
 18  6.2966744434412E-12 -5.8774717541114E-39  6.2966744434412E-12  6.2966744434412E-12  1.3223956150262E+11
 19  6.2492804989035E-12  7.6664670834169E-20  6.2492804989035E-12  6.2492804989035E-12  1.3223956150262E+11
 20  6.1311449596596E-12 -1.1754943508223E-38  6.1311449596596E-12  6.1311449596596E-12  1.7631941533683E+11
 21  5.4857921120886E-12 -5.8774717541114E-39  5.4857921120886E-12  5.4857921120886E-12  1.7631941533683E+11
 22  4.8480865411473E-12  0.0000000000000E+00  4.8480865411473E-12  4.8480865411473E-12  1.7631941533683E+11
 23  4.2187299917301E-12 -2.9387358770557E-39  4.2187299917301E-12  4.2187299917301E-12  1.7631941533683E+11
 24  3.3091866276201E-12  0.0000000000000E+00  3.3091866276201E-12  3.3091866276201E-12  4.4079853834208E+11
 25  2.5328998041871E-12  3.8332335417084E-20  2.5328998041871E-12  2.5328998041871E-12  4.4079853834208E+11
 26  1.5598369580112E-12  1.9166167708542E-20  1.5598369580112E-12  1.5598369580112E-12  8.8159707668415E+11
 27  1.3498989268001E-12  1.9166167708542E-20  1.3498989268001E-12  1.3498989268001E-12  1.3223956150262E+12
 28  1.1430674310054E-12  0.0000000000000E+00  1.1430674310054E-12  1.1430674310054E-12  1.3223956150262E+12
 29  9.2786793700953E-13 -1.8367099231598E-40  9.2786793700953E-13  9.2786793700953E-13  1.7631941533683E+12
 30  6.3769055639936E-13 -4.5917748078996E-41  6.3769055639936E-13  6.3769055639936E-13  2.6447912300525E+12
 31  3.6952859038802E-13  0.0000000000000E+00  3.6952859038802E-13  3.6952859038802E-13  3.5263883067366E+12
 32  1.9046204304234E-13  2.3957709635678E-21  1.9046204304234E-13  1.9046204304234E-13  3.5263883067366E+12
 33  8.4845631950891E-14  1.6940658945086E-21  8.4845631950891E-14  8.4845631950891E-14  3.5263883067366E+12
 34  1.5707791810489E-14  0.0000000000000E+00  1.5707791810489E-14  1.5707791810489E-14  4.4079853834208E+12
 35  1.0062928570075E-11  1.5332934166834E-19  1.0062928570075E-11  1.0062928570075E-11  4.4079853834208E+12
 
 field : S_Fe     ; Iter =         3 ; region #   0 ; nb.Lev =  35
 k | --   Average    -- | --   Std.Dev    -- | --     min      -- | --     max      -- | --    Vol
  0  2.7275756576749E-12  4.6564679994450E-12  1.5715055733070E-14  4.2752479800623E-11  3.0811817830111E+13
  1  4.2752479800623E-11 -3.7615819226313E-37  4.2752479800623E-11  4.2752479800623E-11  8.8159707668415E+10
  2  1.8083971711233E-11 -4.7019774032892E-38  1.8083971711233E-11  1.8083971711233E-11  8.8159707668415E+10
  3  1.8100921978215E-11  2.1684043449710E-19  1.8100921978215E-11  1.8100921978215E-11  8.8159707668415E+10
  4  1.8312002017836E-11  0.0000000000000E+00  1.8312002017836E-11  1.8312002017836E-11  8.8159707668415E+10
  5  1.8852518439877E-11  3.0665868333667E-19  1.8852518439877E-11  1.8852518439877E-11  8.8159707668415E+10
  6  1.8115443547253E-11  3.7557864968429E-19  1.8115443547253E-11  1.8115443547253E-11  8.8159707668415E+10
  7  1.7402149880481E-11  0.0000000000000E+00  1.7402149880481E-11  1.7402149880481E-11  8.8159707668415E+10
  8  1.3575324831395E-11  2.1684043449710E-19  1.3575324831395E-11  1.3575324831395E-11  8.8159707668415E+10
  9  9.7393552061784E-12  1.0842021724855E-19  9.7393552061784E-12  9.7393552061784E-12  8.8159707668415E+10
 10  8.5281911567857E-12  1.8778932484214E-19  8.5281911567857E-12  8.5281911567857E-12  8.8159707668415E+10
 11  8.1847556582643E-12  1.5332934166834E-19  8.1847556582643E-12  8.1847556582643E-12  8.8159707668415E+10
 12  7.8503595534710E-12  0.0000000000000E+00  7.8503595534710E-12  7.8503595534710E-12  8.8159707668415E+10
 13  7.5053158914298E-12  0.0000000000000E+00  7.5053158914298E-12  7.5053158914298E-12  8.8159707668415E+10
 14  7.1768002740582E-12 -5.8774717541114E-39  7.1768002740582E-12  7.1768002740582E-12  8.8159707668415E+10
 15  6.7852078186351E-12  0.0000000000000E+00  6.7852078186351E-12  6.7852078186351E-12  1.3223956150262E+11
 16  6.3929569331004E-12  0.0000000000000E+00  6.3929569331004E-12  6.3929569331004E-12  1.3223956150262E+11
 17  6.3429122677577E-12  7.6664670834169E-20  6.3429122677577E-12  6.3429122677577E-12  1.3223956150262E+11
 18  6.2931525434008E-12  7.6664670834169E-20  6.2931525434008E-12  6.2931525434008E-12  1.3223956150262E+11
 19  6.2458097798860E-12  7.6664670834169E-20  6.2458097798860E-12  6.2458097798860E-12  1.3223956150262E+11
 20  6.1277075410139E-12 -5.8774717541114E-39  6.1277075410139E-12  6.1277075410139E-12  1.7631941533683E+11
 21  5.4827950991636E-12  7.6664670834169E-20  5.4827950991636E-12  5.4827950991636E-12  1.7631941533683E+11
 22  4.8454582496211E-12  0.0000000000000E+00  4.8454582496211E-12  4.8454582496211E-12  1.7631941533683E+11
 23  4.2164837504587E-12  0.0000000000000E+00  4.2164837504587E-12  4.2164837504587E-12  1.7631941533683E+11
 24  3.3074285716120E-12  0.0000000000000E+00  3.3074285716120E-12  3.3074285716120E-12  4.4079853834208E+11
 25  2.5315965169079E-12  0.0000000000000E+00  2.5315965169079E-12  2.5315965169079E-12  4.4079853834208E+11
 26  1.5590647151078E-12  0.0000000000000E+00  1.5590647151078E-12  1.5590647151078E-12  8.8159707668415E+11
 27  1.3493763391649E-12  1.9166167708542E-20  1.3493763391649E-12  1.3493763391649E-12  1.3223956150262E+12
 28  1.1428654105338E-12  1.9166167708542E-20  1.1428654105338E-12  1.1428654105338E-12  1.3223956150262E+12
 29  9.2778791112040E-13 -1.8367099231598E-40  9.2778791112040E-13  9.2778791112040E-13  1.7631941533683E+12
 30  6.3774472212903E-13  9.5830838542711E-21  6.3774472212903E-13  6.3774472212903E-13  2.6447912300525E+12
 31  3.6961347666965E-13 -2.2958874039498E-41  3.6961347666965E-13  3.6961347666965E-13  3.5263883067366E+12
 32  1.9053644361677E-13  0.0000000000000E+00  1.9053644361677E-13  1.9053644361677E-13  3.5263883067366E+12
 33  8.4877529564041E-14  1.1978854817839E-21  8.4877529564041E-14  8.4877529564041E-14  3.5263883067366E+12
 34  1.5715055733070E-14  0.0000000000000E+00  1.5715055733070E-14  1.5715055733070E-14  4.4079853834208E+12
 35  1.0064576092190E-11 -1.1754943508223E-38  1.0064576092190E-11  1.0064576092190E-11  4.4079853834208E+12
 
 field : S_Fe     ; Iter =         4 ; region #   0 ; nb.Lev =  35
 k | --   Average    -- | --   Std.Dev    -- | --     min      -- | --     max      -- | --    Vol
  0  2.7273072766490E-12  4.6566314675465E-12  1.5722327700756E-14  4.2800591889628E-11  3.0811817830111E+13
  1  4.2800591889628E-11  6.1331736667335E-19  4.2800591889628E-11  4.2800591889628E-11  8.8159707668415E+10
  2  1.8093974300520E-11  3.7557864968429E-19  1.8093974300520E-11  1.8093974300520E-11  8.8159707668415E+10
  3  1.8112567929740E-11  0.0000000000000E+00  1.8112567929740E-11  1.8112567929740E-11  8.8159707668415E+10
  4  1.8227573324745E-11  0.0000000000000E+00  1.8227573324745E-11  1.8227573324745E-11  8.8159707668415E+10
  5  1.8833484878201E-11  0.0000000000000E+00  1.8833484878201E-11  1.8833484878201E-11  8.8159707668415E+10
  6  1.8094188755993E-11  0.0000000000000E+00  1.8094188755993E-11  1.8094188755993E-11  8.8159707668415E+10
  7  1.7379698775518E-11 -4.7019774032892E-38  1.7379698775518E-11  1.7379698775518E-11  8.8159707668415E+10
  8  1.3567979586645E-11  0.0000000000000E+00  1.3567979586645E-11  1.3567979586645E-11  8.8159707668415E+10
  9  9.7364551251730E-12 -4.7019774032892E-38  9.7364551251730E-12  9.7364551251730E-12  8.8159707668415E+10
 10  8.5260510338368E-12  1.0842021724855E-19  8.5260510338368E-12  8.5260510338368E-12  8.8159707668415E+10
 11  8.1822488613866E-12 -2.3509887016446E-38  8.1822488613866E-12  8.1822488613866E-12  8.8159707668415E+10
 12  7.8473323330545E-12  0.0000000000000E+00  7.8473323330545E-12  7.8473323330545E-12  8.8159707668415E+10
 13  7.5024046499352E-12 -2.3509887016446E-38  7.5024046499352E-12  7.5024046499352E-12  8.8159707668415E+10
 14  7.1737418742524E-12  0.0000000000000E+00  7.1737418742524E-12  7.1737418742524E-12  8.8159707668415E+10
 15  6.7818076413854E-12  1.0842021724855E-19  6.7818076413854E-12  6.7818076413854E-12  1.3223956150262E+11
 16  6.3892659681539E-12  1.0842021724855E-19  6.3892659681539E-12  6.3892659681539E-12  1.3223956150262E+11
 17  6.3393285594285E-12  1.0842021724855E-19  6.3393285594285E-12  6.3393285594285E-12  1.3223956150262E+11
 18  6.2896323337430E-12  1.0842021724855E-19  6.2896323337430E-12  6.2896323337430E-12  1.3223956150262E+11
 19  6.2423407616557E-12  0.0000000000000E+00  6.2423407616557E-12  6.2423407616557E-12  1.3223956150262E+11
 20  6.1242718767813E-12  7.6664670834169E-20  6.1242718767813E-12  6.1242718767813E-12  1.7631941533683E+11
 21  5.4797992992291E-12 -5.8774717541114E-39  5.4797992992291E-12  5.4797992992291E-12  1.7631941533683E+11
 22  4.8428312436596E-12  0.0000000000000E+00  4.8428312436596E-12  4.8428312436596E-12  1.7631941533683E+11
 23  4.2142385186043E-12  7.6664670834169E-20  4.2142385186043E-12  4.2142385186043E-12  1.7631941533683E+11
 24  3.3056713439533E-12 -1.4693679385279E-39  3.3056713439533E-12  3.3056713439533E-12  4.4079853834208E+11
 25  2.5302936035478E-12  0.0000000000000E+00  2.5302936035478E-12  2.5302936035478E-12  4.4079853834208E+11
 26  1.5582927368368E-12  0.0000000000000E+00  1.5582927368368E-12  1.5582927368368E-12  8.8159707668415E+11
 27  1.3488535209930E-12  0.0000000000000E+00  1.3488535209930E-12  1.3488535209930E-12  1.3223956150262E+12
 28  1.1426626874724E-12  1.3552527156069E-20  1.1426626874724E-12  1.1426626874724E-12  1.3223956150262E+12
 29  9.2770768517265E-13  1.9166167708542E-20  9.2770768517265E-13  9.2770768517265E-13  1.7631941533683E+12
 30  6.3779867925390E-13  1.1736832802634E-20  6.3779867925390E-13  6.3779867925390E-13  2.6447912300525E+12
 31  3.6969828930894E-13 -2.2958874039498E-41  3.6969828930894E-13  3.6969828930894E-13  3.5263883067366E+12
 32  1.9061081638195E-13  2.3957709635678E-21  1.9061081638195E-13  1.9061081638195E-13  3.5263883067366E+12
 33  8.4909446711233E-14 -1.4349296274686E-42  8.4909446711233E-14  8.4909446711233E-14  3.5263883067366E+12
 34  1.5722327700756E-14 -4.4841550858394E-44  1.5722327700756E-14  1.5722327700756E-14  4.4079853834208E+12
 35  1.0066225746041E-11  1.0842021724855E-19  1.0066225746041E-11  1.0066225746041E-11  4.4079853834208E+12
 
# records End here.
