# header of file: statS_Si
# frequency (s):       3600.000000
# phase (s)    :          0.000000
# Regions      :   0
# Fields       : S_Si    
# Nb of levels :   35
# end of header ------------------------------------------------------------
 
 field : S_Si     ; Iter =         1 ; region #   0 ; nb.Lev =  35
 k | --   Average    -- | --   Std.Dev    -- | --     min      -- | --     max      -- | --    Vol
  0  8.1018697812252E-09  4.5983575579643E-09  2.7832262208014E-09  1.6352815437973E-08  3.0811817830111E+13
  1  2.7832262208014E-09  0.0000000000000E+00  2.7832262208014E-09  2.7832262208014E-09  8.8159707668415E+10
  2  2.8699661968693E-09  0.0000000000000E+00  2.8699661968693E-09  2.8699661968693E-09  8.8159707668415E+10
  3  2.9885044878566E-09 -3.0814879110196E-33  2.9885044878566E-09  2.9885044878566E-09  8.8159707668415E+10
  4  3.9744986892341E-09  0.0000000000000E+00  3.9744986892341E-09  3.9744986892341E-09  8.8159707668415E+10
  5  5.1920432649801E-09 -3.0814879110196E-33  5.1920432649801E-09  5.1920432649801E-09  8.8159707668415E+10
  6  7.7557119924141E-09  1.1102230246252E-16  7.7557119924141E-09  7.7557119924141E-09  8.8159707668415E+10
  7  1.0284355414513E-08  1.5700924586838E-16  1.0284355414513E-08  1.0284355414513E-08  8.8159707668415E+10
  8  1.0851767550606E-08  0.0000000000000E+00  1.0851767550606E-08  1.0851767550606E-08  8.8159707668415E+10
  9  1.1368398693313E-08  1.5700924586838E-16  1.1368398693313E-08  1.1368398693313E-08  8.8159707668415E+10
 10  1.1650785089595E-08  0.0000000000000E+00  1.1650785089595E-08  1.1650785089595E-08  8.8159707668415E+10
 11  1.1856998349706E-08 -2.4651903288157E-32  1.1856998349706E-08  1.1856998349706E-08  8.8159707668415E+10
 12  1.2062129815252E-08 -2.4651903288157E-32  1.2062129815252E-08  1.2062129815252E-08  8.8159707668415E+10
 13  1.2305651540810E-08  0.0000000000000E+00  1.2305651540810E-08  1.2305651540810E-08  8.8159707668415E+10
 14  1.2587186069791E-08  1.5700924586838E-16  1.2587186069791E-08  1.2587186069791E-08  8.8159707668415E+10
 15  1.2956686750497E-08  1.5700924586838E-16  1.2956686750497E-08  1.2956686750497E-08  1.3223956150262E+11
 16  1.3317191189218E-08  0.0000000000000E+00  1.3317191189218E-08  1.3317191189218E-08  1.3223956150262E+11
 17  1.3275606370099E-08 -2.4651903288157E-32  1.3275606370099E-08  1.3275606370099E-08  1.3223956150262E+11
 18  1.3233834266981E-08 -2.4651903288157E-32  1.3233834266981E-08  1.3233834266981E-08  1.3223956150262E+11
 19  1.3196319604698E-08  0.0000000000000E+00  1.3196319604698E-08  1.3196319604698E-08  1.3223956150262E+11
 20  1.3209231246453E-08  0.0000000000000E+00  1.3209231246453E-08  1.3209231246453E-08  1.7631941533683E+11
 21  1.3435680089884E-08 -4.9303806576313E-32  1.3435680089884E-08  1.3435680089884E-08  1.7631941533683E+11
 22  1.3652546481633E-08  0.0000000000000E+00  1.3652546481633E-08  1.3652546481633E-08  1.7631941533683E+11
 23  1.3859672072332E-08  0.0000000000000E+00  1.3859672072332E-08  1.3859672072332E-08  1.7631941533683E+11
 24  1.4317078789360E-08  0.0000000000000E+00  1.4317078789360E-08  1.4317078789360E-08  4.4079853834208E+11
 25  1.4890844133133E-08  1.5700924586838E-16  1.4890844133133E-08  1.4890844133133E-08  4.4079853834208E+11
 26  1.5769216910975E-08  0.0000000000000E+00  1.5769216910975E-08  1.5769216910975E-08  8.8159707668415E+11
 27  1.6352815437973E-08  3.1401849173676E-16  1.6352815437973E-08  1.6352815437973E-08  1.3223956150262E+12
 28  1.5795557111786E-08 -4.9303806576313E-32  1.5795557111786E-08  1.5795557111786E-08  1.3223956150262E+12
 29  1.4402600458290E-08  0.0000000000000E+00  1.4402600458290E-08  1.4402600458290E-08  1.7631941533683E+12
 30  1.1427735466556E-08  0.0000000000000E+00  1.1427735466556E-08  1.1427735466556E-08  2.6447912300525E+12
 31  7.9394011148115E-09 -1.2325951644078E-32  7.9394011148115E-09  7.9394011148115E-09  3.5263883067366E+12
 32  5.3733622942488E-09 -6.1629758220392E-33  5.3733622942488E-09  5.3733622942488E-09  3.5263883067366E+12
 33  4.0648053955016E-09 -3.0814879110196E-33  4.0648053955016E-09  4.0648053955016E-09  3.5263883067366E+12
 34  3.5228533229576E-09 -1.5407439555098E-33  3.5228533229576E-09  3.5228533229576E-09  4.4079853834208E+12
 35  4.3540336929637E-09  5.5511151231258E-17  4.3540336929637E-09  4.3540336929637E-09  4.4079853834208E+12
 
 field : S_Si     ; Iter =         2 ; region #   0 ; nb.Lev =  35
 k | --   Average    -- | --   Std.Dev    -- | --     min      -- | --     max      -- | --    Vol
  0  8.1008086752318E-09  4.5967744126208E-09  2.8213555881732E-09  1.6348415940627E-08  3.0811817830111E+13
  1  2.8213555881732E-09  0.0000000000000E+00  2.8213555881732E-09  2.8213555881732E-09  8.8159707668415E+10
  2  2.8659317991229E-09  5.5511151231258E-17  2.8659317991229E-09  2.8659317991229E-09  8.8159707668415E+10
  3  2.9351007265555E-09  3.9252311467094E-17  2.9351007265555E-09  2.9351007265555E-09  8.8159707668415E+10
  4  3.8510292067811E-09  0.0000000000000E+00  3.8510292067811E-09  3.8510292067811E-09  8.8159707668415E+10
  5  5.1459176585519E-09  5.5511151231258E-17  5.1459176585519E-09  5.1459176585519E-09  8.8159707668415E+10
  6  7.6523861615666E-09  1.5700924586838E-16  7.6523861615666E-09  7.6523861615666E-09  8.8159707668415E+10
  7  1.0180714774967E-08 -1.2325951644078E-32  1.0180714774967E-08  1.0180714774967E-08  8.8159707668415E+10
  8  1.0829454308835E-08  0.0000000000000E+00  1.0829454308835E-08  1.0829454308835E-08  8.8159707668415E+10
  9  1.1346320937908E-08  1.5700924586838E-16  1.1346320937908E-08  1.1346320937908E-08  8.8159707668415E+10
 10  1.1637450296513E-08  0.0000000000000E+00  1.1637450296513E-08  1.1637450296513E-08  8.8159707668415E+10
 11  1.1845891777172E-08  0.0000000000000E+00  1.1845891777172E-08  1.1845891777172E-08  8.8159707668415E+10
 12  1.2050179597279E-08  1.5700924586838E-16  1.2050179597279E-08  1.2050179597279E-08  8.8159707668415E+10
 13  1.2291354776527E-08  0.0000000000000E+00  1.2291354776527E-08  1.2291354776527E-08  8.8159707668415E+10
 14  1.2571699862331E-08 -2.4651903288157E-32  1.2571699862331E-08  1.2571699862331E-08  8.8159707668415E+10
 15  1.2943034570609E-08  1.5700924586838E-16  1.2943034570609E-08  1.2943034570609E-08  1.3223956150262E+11
 16  1.3302600237130E-08  0.0000000000000E+00  1.3302600237130E-08  1.3302600237130E-08  1.3223956150262E+11
 17  1.3272690906644E-08  0.0000000000000E+00  1.3272690906644E-08  1.3272690906644E-08  1.3223956150262E+11
 18  1.3230954482189E-08 -2.4651903288157E-32  1.3230954482189E-08  1.3230954482189E-08  1.3223956150262E+11
 19  1.3193492582361E-08  2.2204460492503E-16  1.3193492582361E-08  1.3193492582361E-08  1.3223956150262E+11
 20  1.3205867514955E-08 -2.4651903288157E-32  1.3205867514955E-08  1.3205867514955E-08  1.7631941533683E+11
 21  1.3427291823572E-08  1.5700924586838E-16  1.3427291823572E-08  1.3427291823572E-08  1.7631941533683E+11
 22  1.3644204315882E-08  1.5700924586838E-16  1.3644204315882E-08  1.3644204315882E-08  1.7631941533683E+11
 23  1.3851432786260E-08 -7.3955709864470E-32  1.3851432786260E-08  1.3851432786260E-08  1.7631941533683E+11
 24  1.4310723149949E-08  0.0000000000000E+00  1.4310723149949E-08  1.4310723149949E-08  4.4079853834208E+11
 25  1.4882192889318E-08  0.0000000000000E+00  1.4882192889318E-08  1.4882192889318E-08  4.4079853834208E+11
 26  1.5762733279305E-08 -4.9303806576313E-32  1.5762733279305E-08  1.5762733279305E-08  8.8159707668415E+11
 27  1.6348415940627E-08 -4.9303806576313E-32  1.6348415940627E-08  1.6348415940627E-08  1.3223956150262E+12
 28  1.5794602634066E-08  3.1401849173676E-16  1.5794602634066E-08  1.5794602634066E-08  1.3223956150262E+12
 29  1.4403583932609E-08 -2.4651903288157E-32  1.4403583932609E-08  1.4403583932609E-08  1.7631941533683E+12
 30  1.1430538671053E-08 -2.4651903288157E-32  1.1430538671053E-08  1.1430538671053E-08  2.6447912300525E+12
 31  7.9422519087937E-09  1.1102230246252E-16  7.9422519087937E-09  7.9422519087937E-09  3.5263883067366E+12
 32  5.3754823882244E-09  7.8504622934189E-17  5.3754823882244E-09  5.3754823882244E-09  3.5263883067366E+12
 33  4.0657294657154E-09  0.0000000000000E+00  4.0657294657154E-09  4.0657294657154E-09  3.5263883067366E+12
 34  3.5229307653816E-09  0.0000000000000E+00  3.5229307653816E-09  3.5229307653816E-09  4.4079853834208E+12
 35  4.3565194659899E-09 -3.0814879110196E-33  4.3565194659899E-09  4.3565194659899E-09  4.4079853834208E+12
 
 field : S_Si     ; Iter =         3 ; region #   0 ; nb.Lev =  35
 k | --   Average    -- | --   Std.Dev    -- | --     min      -- | --     max      -- | --    Vol
  0  8.0997512156573E-09  4.5951483051839E-09  2.8536876571862E-09  1.6344011564509E-08  3.0811817830111E+13
  1  2.8536876571862E-09 -1.5407439555098E-33  2.8536876571862E-09  2.8536876571862E-09  8.8159707668415E+10
  2  2.8949292055211E-09  0.0000000000000E+00  2.8949292055211E-09  2.8949292055211E-09  8.8159707668415E+10
  3  2.9642921286910E-09  0.0000000000000E+00  2.9642921286910E-09  2.9642921286910E-09  8.8159707668415E+10
  4  3.6238592839540E-09 -3.0814879110196E-33  3.6238592839540E-09  3.6238592839540E-09  8.8159707668415E+10
  5  5.0964888091243E-09  0.0000000000000E+00  5.0964888091243E-09  5.0964888091243E-09  8.8159707668415E+10
  6  7.5515370607801E-09 -1.2325951644078E-32  7.5515370607801E-09  7.5515370607801E-09  8.8159707668415E+10
  7  1.0077202819075E-08  1.5700924586838E-16  1.0077202819075E-08  1.0077202819075E-08  8.8159707668415E+10
  8  1.0803789418147E-08  1.5700924586838E-16  1.0803789418147E-08  1.0803789418147E-08  8.8159707668415E+10
  9  1.1324271217242E-08 -2.4651903288157E-32  1.1324271217242E-08  1.1324271217242E-08  8.8159707668415E+10
 10  1.1623769587096E-08  0.0000000000000E+00  1.1623769587096E-08  1.1623769587096E-08  8.8159707668415E+10
 11  1.1834701179052E-08  1.5700924586838E-16  1.1834701179052E-08  1.1834701179052E-08  8.8159707668415E+10
 12  1.2038270392903E-08  0.0000000000000E+00  1.2038270392903E-08  1.2038270392903E-08  8.8159707668415E+10
 13  1.2277165839540E-08 -2.4651903288157E-32  1.2277165839540E-08  1.2277165839540E-08  8.8159707668415E+10
 14  1.2556268465342E-08  0.0000000000000E+00  1.2556268465342E-08  1.2556268465342E-08  8.8159707668415E+10
 15  1.2929334819318E-08  0.0000000000000E+00  1.2929334819318E-08  1.2929334819318E-08  1.3223956150262E+11
 16  1.3288044534814E-08  1.5700924586838E-16  1.3288044534814E-08  1.3288044534814E-08  1.3223956150262E+11
 17  1.3269451725127E-08 -2.4651903288157E-32  1.3269451725127E-08  1.3269451725127E-08  1.3223956150262E+11
 18  1.3228074757181E-08  2.2204460492503E-16  1.3228074757181E-08  1.3228074757181E-08  1.3223956150262E+11
 19  1.3190665444701E-08  0.0000000000000E+00  1.3190665444701E-08  1.3190665444701E-08  1.3223956150262E+11
 20  1.3202514402045E-08  0.0000000000000E+00  1.3202514402045E-08  1.3202514402045E-08  1.7631941533683E+11
 21  1.3419010326474E-08  2.2204460492503E-16  1.3419010326474E-08  1.3419010326474E-08  1.7631941533683E+11
 22  1.3635863612821E-08  2.2204460492503E-16  1.3635863612821E-08  1.3635863612821E-08  1.7631941533683E+11
 23  1.3843194789766E-08 -2.4651903288157E-32  1.3843194789766E-08  1.3843194789766E-08  1.7631941533683E+11
 24  1.4304352533306E-08  1.5700924586838E-16  1.4304352533306E-08  1.4304352533306E-08  4.4079853834208E+11
 25  1.4873562979882E-08  0.0000000000000E+00  1.4873562979882E-08  1.4873562979882E-08  4.4079853834208E+11
 26  1.5756241930641E-08  3.8459253727671E-16  1.5756241930641E-08  1.5756241930641E-08  8.8159707668415E+11
 27  1.6344011564509E-08  2.2204460492503E-16  1.6344011564509E-08  1.6344011564509E-08  1.3223956150262E+12
 28  1.5793638933344E-08  2.2204460492503E-16  1.5793638933344E-08  1.5793638933344E-08  1.3223956150262E+12
 29  1.4404563304726E-08  2.2204460492503E-16  1.4404563304726E-08  1.4404563304726E-08  1.7631941533683E+12
 30  1.1433339063394E-08  0.0000000000000E+00  1.1433339063394E-08  1.1433339063394E-08  2.6447912300525E+12
 31  7.9451023732374E-09 -1.2325951644078E-32  7.9451023732374E-09  7.9451023732374E-09  3.5263883067366E+12
 32  5.3776030245401E-09  7.8504622934189E-17  5.3776030245401E-09  5.3776030245401E-09  3.5263883067366E+12
 33  4.0666546691188E-09 -3.0814879110196E-33  4.0666546691188E-09  4.0666546691188E-09  3.5263883067366E+12
 34  3.5230088923861E-09 -1.5407439555098E-33  3.5230088923861E-09  3.5230088923861E-09  4.4079853834208E+12
 35  4.3590050798601E-09 -6.1629758220392E-33  4.3590050798601E-09  4.3590050798601E-09  4.4079853834208E+12
 
 field : S_Si     ; Iter =         4 ; region #   0 ; nb.Lev =  35
 k | --   Average    -- | --   Std.Dev    -- | --     min      -- | --     max      -- | --    Vol
  0  8.0986947326721E-09  4.5935325607612E-09  2.8962279462082E-09  1.6339602302776E-08  3.0811817830111E+13
  1  2.8962279462082E-09  3.9252311467094E-17  2.8962279462082E-09  2.8962279462082E-09  8.8159707668415E+10
  2  2.9388585049309E-09  3.9252311467094E-17  2.9388585049309E-09  2.9388585049309E-09  8.8159707668415E+10
  3  3.0081452416816E-09  3.9252311467094E-17  3.0081452416816E-09  3.0081452416816E-09  8.8159707668415E+10
  4  3.3728879440875E-09 -1.5407439555098E-33  3.3728879440875E-09  3.3728879440875E-09  8.8159707668415E+10
  5  5.0330919883195E-09 -6.1629758220392E-33  5.0330919883195E-09  5.0330919883195E-09  8.8159707668415E+10
  6  7.4529187874158E-09  0.0000000000000E+00  7.4529187874158E-09  7.4529187874158E-09  8.8159707668415E+10
  7  9.9739165021074E-09  0.0000000000000E+00  9.9739165021074E-09  9.9739165021074E-09  8.8159707668415E+10
  8  1.0774921048462E-08  0.0000000000000E+00  1.0774921048462E-08  1.0774921048462E-08  8.8159707668415E+10
  9  1.1302109089922E-08 -2.4651903288157E-32  1.1302109089922E-08  1.1302109089922E-08  8.8159707668415E+10
 10  1.1609758811366E-08  1.5700924586838E-16  1.1609758811366E-08  1.1609758811366E-08  8.8159707668415E+10
 11  1.1823415800513E-08  0.0000000000000E+00  1.1823415800513E-08  1.1823415800513E-08  8.8159707668415E+10
 12  1.2026397032314E-08  0.0000000000000E+00  1.2026397032314E-08  1.2026397032314E-08  8.8159707668415E+10
 13  1.2263081847384E-08  0.0000000000000E+00  1.2263081847384E-08  1.2263081847384E-08  8.8159707668415E+10
 14  1.2540894060296E-08  0.0000000000000E+00  1.2540894060296E-08  1.2540894060296E-08  8.8159707668415E+10
 15  1.2915590371762E-08  0.0000000000000E+00  1.2915590371762E-08  1.2915590371762E-08  1.3223956150262E+11
 16  1.3273521705647E-08  0.0000000000000E+00  1.3273521705647E-08  1.3273521705647E-08  1.3223956150262E+11
 17  1.3265898944438E-08  0.0000000000000E+00  1.3265898944438E-08  1.3265898944438E-08  1.3223956150262E+11
 18  1.3225186112878E-08  0.0000000000000E+00  1.3225186112878E-08  1.3225186112878E-08  1.3223956150262E+11
 19  1.3187838193163E-08  0.0000000000000E+00  1.3187838193163E-08  1.3187838193163E-08  1.3223956150262E+11
 20  1.3199171693861E-08  1.5700924586838E-16  1.3199171693861E-08  1.3199171693861E-08  1.7631941533683E+11
 21  1.3410833563150E-08  1.5700924586838E-16  1.3410833563150E-08  1.3410833563150E-08  1.7631941533683E+11
 22  1.3627526557218E-08  0.0000000000000E+00  1.3627526557218E-08  1.3627526557218E-08  1.7631941533683E+11
 23  1.3834958081894E-08  0.0000000000000E+00  1.3834958081894E-08  1.3834958081894E-08  1.7631941533683E+11
 24  1.4297967078698E-08  2.2204460492503E-16  1.4297967078698E-08  1.4297967078698E-08  4.4079853834208E+11
 25  1.4864954101319E-08  2.7194799110210E-16  1.4864954101319E-08  1.4864954101319E-08  4.4079853834208E+11
 26  1.5749742985294E-08 -4.9303806576313E-32  1.5749742985294E-08  1.5749742985294E-08  8.8159707668415E+11
 27  1.6339602302776E-08 -4.9303806576313E-32  1.6339602302776E-08  1.6339602302776E-08  1.3223956150262E+12
 28  1.5792666022890E-08  0.0000000000000E+00  1.5792666022890E-08  1.5792666022890E-08  1.3223956150262E+12
 29  1.4405538564681E-08 -2.4651903288157E-32  1.4405538564681E-08  1.4405538564681E-08  1.7631941533683E+12
 30  1.1436136642130E-08  0.0000000000000E+00  1.1436136642130E-08  1.1436136642130E-08  2.6447912300525E+12
 31  7.9479525056001E-09  1.5700924586838E-16  7.9479525056001E-09  7.9479525056001E-09  3.5263883067366E+12
 32  5.3797242022427E-09  1.1102230246252E-16  5.3797242022427E-09  5.3797242022427E-09  3.5263883067366E+12
 33  4.0675810049887E-09 -3.0814879110196E-33  4.0675810049887E-09  4.0675810049887E-09  3.5263883067366E+12
 34  3.5230877042709E-09  0.0000000000000E+00  3.5230877042709E-09  3.5230877042709E-09  4.4079853834208E+12
 35  4.3614905351496E-09  5.5511151231258E-17  4.3614905351496E-09  4.3614905351496E-09  4.4079853834208E+12
 
# records End here.
