# header of file: statC_DIN
# frequency (s):       3600.000000
# phase (s)    :          0.000000
# Regions      :   0
# Fields       : C_DIN   
# Nb of levels :   35
# end of header ------------------------------------------------------------
 
 field : C_DIN    ; Iter =         1 ; region #   0 ; nb.Lev =  35
 k | --   Average    -- | --   Std.Dev    -- | --     min      -- | --     max      -- | --    Vol
  0  7.9825848454062E-09  4.6523521942007E-08  0.0000000000000E+00  4.1354049283154E-07  3.0811817830111E+13
  1  2.6803063767789E-07  3.5527136788005E-15  2.6803063767789E-07  2.6803063767789E-07  8.8159707668415E+10
  2  2.6356240630064E-07  0.0000000000000E+00  2.6356240630064E-07  2.6356240630064E-07  8.8159707668415E+10
  3  2.5661649959727E-07  0.0000000000000E+00  2.5661649959727E-07  2.5661649959727E-07  8.8159707668415E+10
  4  2.4231180718247E-07 -1.2621774483536E-29  2.4231180718247E-07  2.4231180718247E-07  8.8159707668415E+10
  5  2.2527188507748E-07 -6.3108872417681E-30  2.2527188507748E-07  2.2527188507748E-07  8.8159707668415E+10
  6  4.1354049283154E-07 -2.5243548967072E-29  4.1354049283154E-07  4.1354049283154E-07  8.8159707668415E+10
  7  3.6953784733363E-07  5.0242958677881E-15  3.6953784733363E-07  3.6953784733363E-07  8.8159707668415E+10
  8  3.0212529298030E-07 -1.2621774483536E-29  3.0212529298030E-07  3.0212529298030E-07  8.8159707668415E+10
  9  2.0875667785432E-07  2.5121479338940E-15  2.0875667785432E-07  2.0875667785432E-07  8.8159707668415E+10
 10  1.2020589055802E-07  0.0000000000000E+00  1.2020589055802E-07  1.2020589055802E-07  8.8159707668415E+10
 11  6.3034719449226E-08  0.0000000000000E+00  6.3034719449226E-08  6.3034719449226E-08  8.8159707668415E+10
 12  3.1166817216286E-08  6.2803698347351E-16  3.1166817216286E-08  3.1166817216286E-08  8.8159707668415E+10
 13  1.5374113860104E-08  0.0000000000000E+00  1.5374113860104E-08  1.5374113860104E-08  8.8159707668415E+10
 14  7.1690644971632E-09  7.8504622934189E-17  7.1690644971632E-09  7.1690644971632E-09  8.8159707668415E+10
 15  2.1359100039361E-09  0.0000000000000E+00  2.1359100039361E-09  2.1359100039361E-09  1.3223956150262E+11
 16  2.3799533576942E-12  0.0000000000000E+00  2.3799533576942E-12  2.3799533576942E-12  1.3223956150262E+11
 17  1.2107448093719E-12  0.0000000000000E+00  1.2107448093719E-12  1.2107448093719E-12  1.3223956150262E+11
 18  0.0000000000000E+00  0.0000000000000E+00  0.0000000000000E+00  0.0000000000000E+00  1.3223956150262E+11
 19  0.0000000000000E+00  0.0000000000000E+00  0.0000000000000E+00  0.0000000000000E+00  1.3223956150262E+11
 20  0.0000000000000E+00  0.0000000000000E+00  0.0000000000000E+00  0.0000000000000E+00  1.7631941533683E+11
 21  0.0000000000000E+00  0.0000000000000E+00  0.0000000000000E+00  0.0000000000000E+00  1.7631941533683E+11
 22  0.0000000000000E+00  0.0000000000000E+00  0.0000000000000E+00  0.0000000000000E+00  1.7631941533683E+11
 23  0.0000000000000E+00  0.0000000000000E+00  0.0000000000000E+00  0.0000000000000E+00  1.7631941533683E+11
 24  0.0000000000000E+00  0.0000000000000E+00  0.0000000000000E+00  0.0000000000000E+00  4.4079853834208E+11
 25  0.0000000000000E+00  0.0000000000000E+00  0.0000000000000E+00  0.0000000000000E+00  4.4079853834208E+11
 26  0.0000000000000E+00  0.0000000000000E+00  0.0000000000000E+00  0.0000000000000E+00  8.8159707668415E+11
 27  0.0000000000000E+00  0.0000000000000E+00  0.0000000000000E+00  0.0000000000000E+00  1.3223956150262E+12
 28  0.0000000000000E+00  0.0000000000000E+00  0.0000000000000E+00  0.0000000000000E+00  1.3223956150262E+12
 29  0.0000000000000E+00  0.0000000000000E+00  0.0000000000000E+00  0.0000000000000E+00  1.7631941533683E+12
 30  0.0000000000000E+00  0.0000000000000E+00  0.0000000000000E+00  0.0000000000000E+00  2.6447912300525E+12
 31  0.0000000000000E+00  0.0000000000000E+00  0.0000000000000E+00  0.0000000000000E+00  3.5263883067366E+12
 32  0.0000000000000E+00  0.0000000000000E+00  0.0000000000000E+00  0.0000000000000E+00  3.5263883067366E+12
 33  0.0000000000000E+00  0.0000000000000E+00  0.0000000000000E+00  0.0000000000000E+00  3.5263883067366E+12
 34  0.0000000000000E+00  0.0000000000000E+00  0.0000000000000E+00  0.0000000000000E+00  4.4079853834208E+12
 35  0.0000000000000E+00  0.0000000000000E+00  0.0000000000000E+00  0.0000000000000E+00  4.4079853834208E+12
 
 field : C_DIN    ; Iter =         2 ; region #   0 ; nb.Lev =  35
 k | --   Average    -- | --   Std.Dev    -- | --     min      -- | --     max      -- | --    Vol
  0  8.0489924662425E-09  4.6927183897237E-08  0.0000000000000E+00  4.1727619819141E-07  3.0811817830111E+13
  1  2.6942963966463E-07  3.5527136788005E-15  2.6942963966463E-07  2.6942963966463E-07  8.8159707668415E+10
  2  2.6673840844958E-07  3.5527136788005E-15  2.6673840844958E-07  2.6673840844958E-07  8.8159707668415E+10
  3  2.6042374955716E-07  0.0000000000000E+00  2.6042374955716E-07  2.6042374955716E-07  8.8159707668415E+10
  4  2.4503896395998E-07  0.0000000000000E+00  2.4503896395998E-07  2.4503896395998E-07  8.8159707668415E+10
  5  2.2736702548552E-07  2.5121479338940E-15  2.2736702548552E-07  2.2736702548552E-07  8.8159707668415E+10
  6  4.1727619819141E-07  0.0000000000000E+00  4.1727619819141E-07  4.1727619819141E-07  8.8159707668415E+10
  7  3.7240566006209E-07  5.0242958677881E-15  3.7240566006209E-07  3.7240566006209E-07  8.8159707668415E+10
  8  3.0404470882313E-07  0.0000000000000E+00  3.0404470882313E-07  3.0404470882313E-07  8.8159707668415E+10
  9  2.0964087503735E-07 -6.3108872417681E-30  2.0964087503735E-07  2.0964087503735E-07  8.8159707668415E+10
 10  1.2056794332541E-07  1.7763568394003E-15  1.2056794332541E-07  1.2056794332541E-07  8.8159707668415E+10
 11  6.3174795561967E-08  8.8817841970013E-16  6.3174795561967E-08  6.3174795561967E-08  8.8159707668415E+10
 12  3.1222378331739E-08 -3.9443045261051E-31  3.1222378331739E-08  3.1222378331739E-08  8.8159707668415E+10
 13  1.5395702929022E-08  3.1401849173676E-16  1.5395702929022E-08  1.5395702929022E-08  8.8159707668415E+10
 14  7.1787637299590E-09 -6.1629758220392E-33  7.1787637299590E-09  7.1787637299590E-09  8.8159707668415E+10
 15  2.1397862849807E-09  0.0000000000000E+00  2.1397862849807E-09  2.1397862849807E-09  1.3223956150262E+11
 16  4.3718659590094E-12 -2.9387358770557E-39  4.3718659590094E-12  4.3718659590094E-12  1.3223956150262E+11
 17  1.2110776119412E-12  1.9166167708542E-20  1.2110776119412E-12  1.2110776119412E-12  1.3223956150262E+11
 18  0.0000000000000E+00  0.0000000000000E+00  0.0000000000000E+00  0.0000000000000E+00  1.3223956150262E+11
 19  0.0000000000000E+00  0.0000000000000E+00  0.0000000000000E+00  0.0000000000000E+00  1.3223956150262E+11
 20  0.0000000000000E+00  0.0000000000000E+00  0.0000000000000E+00  0.0000000000000E+00  1.7631941533683E+11
 21  0.0000000000000E+00  0.0000000000000E+00  0.0000000000000E+00  0.0000000000000E+00  1.7631941533683E+11
 22  0.0000000000000E+00  0.0000000000000E+00  0.0000000000000E+00  0.0000000000000E+00  1.7631941533683E+11
 23  0.0000000000000E+00  0.0000000000000E+00  0.0000000000000E+00  0.0000000000000E+00  1.7631941533683E+11
 24  0.0000000000000E+00  0.0000000000000E+00  0.0000000000000E+00  0.0000000000000E+00  4.4079853834208E+11
 25  0.0000000000000E+00  0.0000000000000E+00  0.0000000000000E+00  0.0000000000000E+00  4.4079853834208E+11
 26  0.0000000000000E+00  0.0000000000000E+00  0.0000000000000E+00  0.0000000000000E+00  8.8159707668415E+11
 27  0.0000000000000E+00  0.0000000000000E+00  0.0000000000000E+00  0.0000000000000E+00  1.3223956150262E+12
 28  0.0000000000000E+00  0.0000000000000E+00  0.0000000000000E+00  0.0000000000000E+00  1.3223956150262E+12
 29  0.0000000000000E+00  0.0000000000000E+00  0.0000000000000E+00  0.0000000000000E+00  1.7631941533683E+12
 30  0.0000000000000E+00  0.0000000000000E+00  0.0000000000000E+00  0.0000000000000E+00  2.6447912300525E+12
 31  0.0000000000000E+00  0.0000000000000E+00  0.0000000000000E+00  0.0000000000000E+00  3.5263883067366E+12
 32  0.0000000000000E+00  0.0000000000000E+00  0.0000000000000E+00  0.0000000000000E+00  3.5263883067366E+12
 33  0.0000000000000E+00  0.0000000000000E+00  0.0000000000000E+00  0.0000000000000E+00  3.5263883067366E+12
 34  0.0000000000000E+00  0.0000000000000E+00  0.0000000000000E+00  0.0000000000000E+00  4.4079853834208E+12
 35  0.0000000000000E+00  0.0000000000000E+00  0.0000000000000E+00  0.0000000000000E+00  4.4079853834208E+12
 
 field : C_DIN    ; Iter =         3 ; region #   0 ; nb.Lev =  35
 k | --   Average    -- | --   Std.Dev    -- | --     min      -- | --     max      -- | --    Vol
  0  8.1156343098730E-09  4.7332253528596E-08  0.0000000000000E+00  4.2102661462829E-07  3.0811817830111E+13
  1  2.7151893308251E-07  6.1534805964274E-15  2.7151893308251E-07  2.7151893308251E-07  8.8159707668415E+10
  2  2.6927537382957E-07  5.0242958677881E-15  2.6927537382957E-07  2.6927537382957E-07  8.8159707668415E+10
  3  2.6337178718336E-07 -2.5243548967072E-29  2.6337178718336E-07  2.6337178718336E-07  8.8159707668415E+10
  4  2.4871487532601E-07  0.0000000000000E+00  2.4871487532601E-07  2.4871487532601E-07  8.8159707668415E+10
  5  2.2944809277022E-07  2.5121479338940E-15  2.2944809277022E-07  2.2944809277022E-07  8.8159707668415E+10
  6  4.2102661462829E-07  5.0242958677881E-15  4.2102661462829E-07  4.2102661462829E-07  8.8159707668415E+10
  7  3.7527734188607E-07 -5.0487097934145E-29  3.7527734188607E-07  3.7527734188607E-07  8.8159707668415E+10
  8  3.0594882432035E-07 -1.2621774483536E-29  3.0594882432035E-07  3.0594882432035E-07  8.8159707668415E+10
  9  2.1050663426003E-07  0.0000000000000E+00  2.1050663426003E-07  2.1050663426003E-07  8.8159707668415E+10
 10  1.2091627309319E-07  1.7763568394003E-15  1.2091627309319E-07  1.2091627309319E-07  8.8159707668415E+10
 11  6.3306791946127E-08 -7.8886090522101E-31  6.3306791946127E-08  6.3306791946127E-08  8.8159707668415E+10
 12  3.1273690051356E-08  4.4408920985006E-16  3.1273690051356E-08  3.1273690051356E-08  8.8159707668415E+10
 13  1.5415132967887E-08  2.2204460492503E-16  1.5415132967887E-08  1.5415132967887E-08  8.8159707668415E+10
 14  7.1874306084786E-09  0.0000000000000E+00  7.1874306084786E-09  7.1874306084786E-09  8.8159707668415E+10
 15  2.1433521587727E-09  0.0000000000000E+00  2.1433521587727E-09  2.1433521587727E-09  1.3223956150262E+11
 16  6.3629277291542E-12  7.6664670834169E-20  6.3629277291542E-12  6.3629277291542E-12  1.3223956150262E+11
 17  1.2151449216390E-12 -1.8367099231598E-40  1.2151449216390E-12  1.2151449216390E-12  1.3223956150262E+11
 18  0.0000000000000E+00  0.0000000000000E+00  0.0000000000000E+00  0.0000000000000E+00  1.3223956150262E+11
 19  0.0000000000000E+00  0.0000000000000E+00  0.0000000000000E+00  0.0000000000000E+00  1.3223956150262E+11
 20  0.0000000000000E+00  0.0000000000000E+00  0.0000000000000E+00  0.0000000000000E+00  1.7631941533683E+11
 21  0.0000000000000E+00  0.0000000000000E+00  0.0000000000000E+00  0.0000000000000E+00  1.7631941533683E+11
 22  0.0000000000000E+00  0.0000000000000E+00  0.0000000000000E+00  0.0000000000000E+00  1.7631941533683E+11
 23  0.0000000000000E+00  0.0000000000000E+00  0.0000000000000E+00  0.0000000000000E+00  1.7631941533683E+11
 24  0.0000000000000E+00  0.0000000000000E+00  0.0000000000000E+00  0.0000000000000E+00  4.4079853834208E+11
 25  0.0000000000000E+00  0.0000000000000E+00  0.0000000000000E+00  0.0000000000000E+00  4.4079853834208E+11
 26  0.0000000000000E+00  0.0000000000000E+00  0.0000000000000E+00  0.0000000000000E+00  8.8159707668415E+11
 27  0.0000000000000E+00  0.0000000000000E+00  0.0000000000000E+00  0.0000000000000E+00  1.3223956150262E+12
 28  0.0000000000000E+00  0.0000000000000E+00  0.0000000000000E+00  0.0000000000000E+00  1.3223956150262E+12
 29  0.0000000000000E+00  0.0000000000000E+00  0.0000000000000E+00  0.0000000000000E+00  1.7631941533683E+12
 30  0.0000000000000E+00  0.0000000000000E+00  0.0000000000000E+00  0.0000000000000E+00  2.6447912300525E+12
 31  0.0000000000000E+00  0.0000000000000E+00  0.0000000000000E+00  0.0000000000000E+00  3.5263883067366E+12
 32  0.0000000000000E+00  0.0000000000000E+00  0.0000000000000E+00  0.0000000000000E+00  3.5263883067366E+12
 33  0.0000000000000E+00  0.0000000000000E+00  0.0000000000000E+00  0.0000000000000E+00  3.5263883067366E+12
 34  0.0000000000000E+00  0.0000000000000E+00  0.0000000000000E+00  0.0000000000000E+00  4.4079853834208E+12
 35  0.0000000000000E+00  0.0000000000000E+00  0.0000000000000E+00  0.0000000000000E+00  4.4079853834208E+12
 
 field : C_DIN    ; Iter =         4 ; region #   0 ; nb.Lev =  35
 k | --   Average    -- | --   Std.Dev    -- | --     min      -- | --     max      -- | --    Vol
  0  8.1798217716013E-09  4.7724617855790E-08  0.0000000000000E+00  4.2479154018091E-07  3.0811817830111E+13
  1  2.7349980719307E-07  5.0242958677881E-15  2.7349980719307E-07  2.7349980719307E-07  8.8159707668415E+10
  2  2.7144024103812E-07  0.0000000000000E+00  2.7144024103812E-07  2.7144024103812E-07  8.8159707668415E+10
  3  2.6589098770771E-07  3.5527136788005E-15  2.6589098770771E-07  2.6589098770771E-07  8.8159707668415E+10
  4  2.5246918787372E-07  0.0000000000000E+00  2.5246918787372E-07  2.5246918787372E-07  8.8159707668415E+10
  5  2.3154766920621E-07 -6.3108872417681E-30  2.3154766920621E-07  2.3154766920621E-07  8.8159707668415E+10
  6  4.2479154018091E-07 -2.5243548967072E-29  4.2479154018091E-07  4.2479154018091E-07  8.8159707668415E+10
  7  3.7815269526016E-07 -2.5243548967072E-29  3.7815269526016E-07  3.7815269526016E-07  8.8159707668415E+10
  8  3.0783746929210E-07  0.0000000000000E+00  3.0783746929210E-07  3.0783746929210E-07  8.8159707668415E+10
  9  2.1135389866156E-07  2.5121479338940E-15  2.1135389866156E-07  2.1135389866156E-07  8.8159707668415E+10
 10  1.2125091236620E-07  0.0000000000000E+00  1.2125091236620E-07  1.2125091236620E-07  8.8159707668415E+10
 11  6.3430749513717E-08  0.0000000000000E+00  6.3430749513717E-08  6.3430749513717E-08  8.8159707668415E+10
 12  3.1320780046962E-08  0.0000000000000E+00  3.1320780046962E-08  3.1320780046962E-08  8.8159707668415E+10
 13  1.5432420448478E-08  0.0000000000000E+00  1.5432420448478E-08  1.5432420448478E-08  8.8159707668415E+10
 14  7.1950731906522E-09  0.0000000000000E+00  7.1950731906522E-09  7.1950731906522E-09  8.8159707668415E+10
 15  2.1466095898541E-09  3.9252311467094E-17  2.1466095898541E-09  2.1466095898541E-09  1.3223956150262E+11
 16  8.3522821263471E-12 -1.1754943508223E-38  8.3522821263471E-12  8.3522821263471E-12  1.3223956150262E+11
 17  1.2229247453643E-12  0.0000000000000E+00  1.2229247453643E-12  1.2229247453643E-12  1.3223956150262E+11
 18  0.0000000000000E+00  0.0000000000000E+00  0.0000000000000E+00  0.0000000000000E+00  1.3223956150262E+11
 19  0.0000000000000E+00  0.0000000000000E+00  0.0000000000000E+00  0.0000000000000E+00  1.3223956150262E+11
 20  0.0000000000000E+00  0.0000000000000E+00  0.0000000000000E+00  0.0000000000000E+00  1.7631941533683E+11
 21  0.0000000000000E+00  0.0000000000000E+00  0.0000000000000E+00  0.0000000000000E+00  1.7631941533683E+11
 22  0.0000000000000E+00  0.0000000000000E+00  0.0000000000000E+00  0.0000000000000E+00  1.7631941533683E+11
 23  0.0000000000000E+00  0.0000000000000E+00  0.0000000000000E+00  0.0000000000000E+00  1.7631941533683E+11
 24  0.0000000000000E+00  0.0000000000000E+00  0.0000000000000E+00  0.0000000000000E+00  4.4079853834208E+11
 25  0.0000000000000E+00  0.0000000000000E+00  0.0000000000000E+00  0.0000000000000E+00  4.4079853834208E+11
 26  0.0000000000000E+00  0.0000000000000E+00  0.0000000000000E+00  0.0000000000000E+00  8.8159707668415E+11
 27  0.0000000000000E+00  0.0000000000000E+00  0.0000000000000E+00  0.0000000000000E+00  1.3223956150262E+12
 28  0.0000000000000E+00  0.0000000000000E+00  0.0000000000000E+00  0.0000000000000E+00  1.3223956150262E+12
 29  0.0000000000000E+00  0.0000000000000E+00  0.0000000000000E+00  0.0000000000000E+00  1.7631941533683E+12
 30  0.0000000000000E+00  0.0000000000000E+00  0.0000000000000E+00  0.0000000000000E+00  2.6447912300525E+12
 31  0.0000000000000E+00  0.0000000000000E+00  0.0000000000000E+00  0.0000000000000E+00  3.5263883067366E+12
 32  0.0000000000000E+00  0.0000000000000E+00  0.0000000000000E+00  0.0000000000000E+00  3.5263883067366E+12
 33  0.0000000000000E+00  0.0000000000000E+00  0.0000000000000E+00  0.0000000000000E+00  3.5263883067366E+12
 34  0.0000000000000E+00  0.0000000000000E+00  0.0000000000000E+00  0.0000000000000E+00  4.4079853834208E+12
 35  0.0000000000000E+00  0.0000000000000E+00  0.0000000000000E+00  0.0000000000000E+00  4.4079853834208E+12
 
# records End here.
