# header of file: statS_PO4
# frequency (s):       3600.000000
# phase (s)    :          0.000000
# Regions      :   0
# Fields       : S_PO4   
# Nb of levels :   35
# end of header ------------------------------------------------------------
 
 field : S_PO4    ; Iter =         1 ; region #   0 ; nb.Lev =  35
 k | --   Average    -- | --   Std.Dev    -- | --     min      -- | --     max      -- | --    Vol
  0  1.2729350256601E-09  2.9710496134627E-09  4.7575346316251E-11  1.8882173206853E-08  3.0811817830111E+13
  1  1.8075324265314E-08  2.2204460492503E-16  1.8075324265314E-08  1.8075324265314E-08  8.8159707668415E+10
  2  1.8087082787733E-08  3.1401849173676E-16  1.8087082787733E-08  1.8087082787733E-08  8.8159707668415E+10
  3  1.8096422731772E-08 -4.9303806576313E-32  1.8096422731772E-08  1.8096422731772E-08  8.8159707668415E+10
  4  1.8428620111510E-08  0.0000000000000E+00  1.8428620111510E-08  1.8428620111510E-08  8.8159707668415E+10
  5  1.8882173206853E-08 -4.9303806576313E-32  1.8882173206853E-08  1.8882173206853E-08  8.8159707668415E+10
  6  1.8158724606444E-08  0.0000000000000E+00  1.8158724606444E-08  1.8158724606444E-08  8.8159707668415E+10
  7  1.7447983093853E-08  0.0000000000000E+00  1.7447983093853E-08  1.7447983093853E-08  8.8159707668415E+10
  8  1.3596922660812E-08  0.0000000000000E+00  1.3596922660812E-08  1.3596922660812E-08  8.8159707668415E+10
  9  9.7632876688774E-09  0.0000000000000E+00  9.7632876688774E-09  9.7632876688774E-09  8.8159707668415E+10
 10  8.5540173491273E-09  1.1102230246252E-16  8.5540173491273E-09  8.5540173491273E-09  8.8159707668415E+10
 11  8.2123483207998E-09  0.0000000000000E+00  8.2123483207998E-09  8.2123483207998E-09  8.8159707668415E+10
 12  7.8799950956654E-09  0.0000000000000E+00  7.8799950956654E-09  7.8799950956654E-09  8.8159707668415E+10
 13  7.5354865885499E-09 -1.2325951644078E-32  7.5354865885499E-09  7.5354865885499E-09  8.8159707668415E+10
 14  7.2080958408647E-09  1.1102230246252E-16  7.2080958408647E-09  7.2080958408647E-09  8.8159707668415E+10
 15  6.8182119270794E-09 -1.2325951644078E-32  6.8182119270794E-09  6.8182119270794E-09  1.3223956150262E+11
 16  6.4275814460430E-09 -6.1629758220392E-33  6.4275814460430E-09  6.4275814460430E-09  1.3223956150262E+11
 17  6.3773255806504E-09 -6.1629758220392E-33  6.3773255806504E-09  6.3773255806504E-09  1.3223956150262E+11
 18  6.3274854562891E-09  0.0000000000000E+00  6.3274854562891E-09  6.3274854562891E-09  1.3223956150262E+11
 19  6.2800752346065E-09  0.0000000000000E+00  6.2800752346065E-09  6.2800752346065E-09  1.3223956150262E+11
 20  6.1624343550359E-09  1.1102230246252E-16  6.1624343550359E-09  6.1624343550359E-09  1.7631941533683E+11
 21  5.5207435626690E-09  7.8504622934189E-17  5.5207435626690E-09  5.5207435626690E-09  1.7631941533683E+11
 22  4.8870693935960E-09  0.0000000000000E+00  4.8870693935960E-09  4.8870693935960E-09  1.7631941533683E+11
 23  4.2620614901206E-09  0.0000000000000E+00  4.2620614901206E-09  4.2620614901206E-09  1.7631941533683E+11
 24  3.3603495228516E-09  0.0000000000000E+00  3.3603495228516E-09  3.3603495228516E-09  4.4079853834208E+11
 25  2.5938752794365E-09  0.0000000000000E+00  2.5938752794365E-09  2.5938752794365E-09  4.4079853834208E+11
 26  1.6362719834950E-09  0.0000000000000E+00  1.6362719834950E-09  1.6362719834950E-09  8.8159707668415E+11
 27  1.4261192706142E-09 -3.8518598887745E-34  1.4261192706142E-09  1.4261192706142E-09  1.3223956150262E+12
 28  1.2184242247629E-09  0.0000000000000E+00  1.2184242247629E-09  1.2184242247629E-09  1.3223956150262E+12
 29  1.0013001485516E-09 -1.9259299443872E-34  1.0013001485516E-09  1.0013001485516E-09  1.7631941533683E+12
 30  7.0534707782431E-10  9.8130778667736E-18  7.0534707782431E-10  7.0534707782431E-10  2.6447912300525E+12
 31  4.2376719751863E-10  0.0000000000000E+00  4.2376719751863E-10  4.2376719751863E-10  3.5263883067366E+12
 32  2.3563576231019E-10  3.4694469519536E-18  2.3563576231019E-10  2.3563576231019E-10  3.5263883067366E+12
 33  1.3489405489065E-10 -3.0092655381051E-36  1.3489405489065E-10  1.3489405489065E-10  3.5263883067366E+12
 34  7.6292211655733E-11  8.6736173798840E-19  7.6292211655733E-11  7.6292211655733E-11  4.4079853834208E+12
 35  4.7575346316251E-11 -3.7615819226313E-37  4.7575346316251E-11  4.7575346316251E-11  4.4079853834208E+12
 
 field : S_PO4    ; Iter =         2 ; region #   0 ; nb.Lev =  35
 k | --   Average    -- | --   Std.Dev    -- | --     min      -- | --     max      -- | --    Vol
  0  1.2723101531107E-09  2.9686065140569E-09  4.7617067696228E-11  1.8866729540558E-08  3.0811817830111E+13
  1  1.8071772687477E-08 -9.8607613152626E-32  1.8071772687477E-08  1.8071772687477E-08  8.8159707668415E+10
  2  1.8078469726792E-08 -4.9303806576313E-32  1.8078469726792E-08  1.8078469726792E-08  8.8159707668415E+10
  3  1.8089659307684E-08  2.2204460492503E-16  1.8089659307684E-08  1.8089659307684E-08  8.8159707668415E+10
  4  1.8386463130145E-08 -4.9303806576313E-32  1.8386463130145E-08  1.8386463130145E-08  8.8159707668415E+10
  5  1.8866729540558E-08  0.0000000000000E+00  1.8866729540558E-08  1.8866729540558E-08  8.8159707668415E+10
  6  1.8136413796109E-08  0.0000000000000E+00  1.8136413796109E-08  1.8136413796109E-08  8.8159707668415E+10
  7  1.7425076717681E-08 -4.9303806576313E-32  1.7425076717681E-08  1.7425076717681E-08  8.8159707668415E+10
  8  1.3590267986267E-08 -2.4651903288157E-32  1.3590267986267E-08  1.3590267986267E-08  8.8159707668415E+10
  9  9.7600690323672E-09  0.0000000000000E+00  9.7600690323672E-09  9.7600690323672E-09  8.8159707668415E+10
 10  8.5516938425540E-09  0.0000000000000E+00  8.5516938425540E-09  8.5516938425540E-09  8.8159707668415E+10
 11  8.2096463723732E-09  0.0000000000000E+00  8.2096463723732E-09  8.2096463723732E-09  8.8159707668415E+10
 12  7.8767861655803E-09  0.0000000000000E+00  7.8767861655803E-09  7.8767861655803E-09  8.8159707668415E+10
 13  7.5324791677698E-09  0.0000000000000E+00  7.5324791677698E-09  7.5324791677698E-09  8.8159707668415E+10
 14  7.2049521913205E-09 -6.1629758220392E-33  7.2049521913205E-09  7.2049521913205E-09  8.8159707668415E+10
 15  6.8147546041327E-09  0.0000000000000E+00  6.8147546041327E-09  6.8147546041327E-09  1.3223956150262E+11
 16  6.4238655569565E-09 -6.1629758220392E-33  6.4238655569565E-09  6.4238655569565E-09  1.3223956150262E+11
 17  6.3737401687880E-09 -6.1629758220392E-33  6.3737401687880E-09  6.3737401687880E-09  1.3223956150262E+11
 18  6.3239561394608E-09  0.0000000000000E+00  6.3239561394608E-09  6.3239561394608E-09  1.3223956150262E+11
 19  6.2765972917737E-09  7.8504622934189E-17  6.2765972917737E-09  6.2765972917737E-09  1.3223956150262E+11
 20  6.1589897914501E-09  1.1102230246252E-16  6.1589897914501E-09  6.1589897914501E-09  1.7631941533683E+11
 21  5.5177384085017E-09 -6.1629758220392E-33  5.5177384085017E-09  5.5177384085017E-09  1.7631941533683E+11
 22  4.8844313939497E-09 -6.1629758220392E-33  4.8844313939497E-09  4.8844313939497E-09  1.7631941533683E+11
 23  4.2598042041439E-09  0.0000000000000E+00  4.2598042041439E-09  4.2598042041439E-09  1.7631941533683E+11
 24  3.3585779167420E-09  5.5511151231258E-17  3.3585779167420E-09  3.3585779167420E-09  4.4079853834208E+11
 25  2.5925563143247E-09  0.0000000000000E+00  2.5925563143247E-09  2.5925563143247E-09  4.4079853834208E+11
 26  1.6354797199042E-09  0.0000000000000E+00  1.6354797199042E-09  1.6354797199042E-09  8.8159707668415E+11
 27  1.4255819364078E-09  1.9626155733547E-17  1.4255819364078E-09  1.4255819364078E-09  1.3223956150262E+12
 28  1.2182167688802E-09  1.9626155733547E-17  1.2182167688802E-09  1.2182167688802E-09  1.3223956150262E+12
 29  1.0012177931801E-09  1.3877787807814E-17  1.0012177931801E-09  1.0012177931801E-09  1.7631941533683E+12
 30  7.0540528920577E-10 -9.6296497219362E-35  7.0540528920577E-10  7.0540528920577E-10  2.6447912300525E+12
 31  4.2385926925522E-10  0.0000000000000E+00  4.2385926925522E-10  4.2385926925522E-10  3.5263883067366E+12
 32  2.3571961432757E-10  0.0000000000000E+00  2.3571961432757E-10  2.3571961432757E-10  3.5263883067366E+12
 33  1.3493462428286E-10  1.7347234759768E-18  1.3493462428286E-10  1.3493462428286E-10  3.5263883067366E+12
 34  7.6305268736998E-11  8.6736173798840E-19  7.6305268736998E-11  7.6305268736998E-11  4.4079853834208E+12
 35  4.7617067696228E-11  0.0000000000000E+00  4.7617067696228E-11  4.7617067696228E-11  4.4079853834208E+12
 
 field : S_PO4    ; Iter =         3 ; region #   0 ; nb.Lev =  35
 k | --   Average    -- | --   Std.Dev    -- | --     min      -- | --     max      -- | --    Vol
  0  1.2716880403237E-09  2.9661743837142E-09  4.7658779763580E-11  1.8850844745253E-08  3.0811817830111E+13
  1  1.8074308941796E-08 -4.9303806576313E-32  1.8074308941796E-08  1.8074308941796E-08  8.8159707668415E+10
  2  1.8082515171636E-08  3.8459253727671E-16  1.8082515171636E-08  1.8082515171636E-08  8.8159707668415E+10
  3  1.8099461346742E-08 -4.9303806576313E-32  1.8099461346742E-08  1.8099461346742E-08  8.8159707668415E+10
  4  1.8310486894187E-08  0.0000000000000E+00  1.8310486894187E-08  1.8310486894187E-08  8.8159707668415E+10
  5  1.8850844745253E-08  0.0000000000000E+00  1.8850844745253E-08  1.8850844745253E-08  8.8159707668415E+10
  6  1.8114487208025E-08  2.2204460492503E-16  1.8114487208025E-08  1.8114487208025E-08  8.8159707668415E+10
  7  1.7402230898145E-08  0.0000000000000E+00  1.7402230898145E-08  1.7402230898145E-08  8.8159707668415E+10
  8  1.3583097048617E-08 -2.4651903288157E-32  1.3583097048617E-08  1.3583097048617E-08  8.8159707668415E+10
  9  9.7568629765871E-09  1.1102230246252E-16  9.7568629765871E-09  9.7568629765871E-09  8.8159707668415E+10
 10  8.5493289700525E-09  0.0000000000000E+00  8.5493289700525E-09  8.5493289700525E-09  8.8159707668415E+10
 11  8.2069394096360E-09  1.1102230246252E-16  8.2069394096360E-09  8.2069394096360E-09  8.8159707668415E+10
 12  7.8735898564838E-09 -2.4651903288157E-32  7.8735898564838E-09  7.8735898564838E-09  8.8159707668415E+10
 13  7.5294612260444E-09  0.0000000000000E+00  7.5294612260444E-09  7.5294612260444E-09  8.8159707668415E+10
 14  7.2018099973203E-09 -6.1629758220392E-33  7.2018099973203E-09  7.2018099973203E-09  8.8159707668415E+10
 15  6.8113037253197E-09  1.1102230246252E-16  6.8113037253197E-09  6.8113037253197E-09  1.3223956150262E+11
 16  6.4201581104852E-09  0.0000000000000E+00  6.4201581104852E-09  6.4201581104852E-09  1.3223956150262E+11
 17  6.3701525974551E-09  7.8504622934189E-17  6.3701525974551E-09  6.3701525974551E-09  1.3223956150262E+11
 18  6.3204286220047E-09 -6.1629758220392E-33  6.3204286220047E-09  6.3204286220047E-09  1.3223956150262E+11
 19  6.2731210479073E-09  0.0000000000000E+00  6.2731210479073E-09  6.2731210479073E-09  1.3223956150262E+11
 20  6.1555469792106E-09  0.0000000000000E+00  6.1555469792106E-09  6.1555469792106E-09  1.7631941533683E+11
 21  5.5147344575327E-09  0.0000000000000E+00  5.5147344575327E-09  5.5147344575327E-09  1.7631941533683E+11
 22  4.8817946845352E-09  0.0000000000000E+00  4.8817946845352E-09  4.8817946845352E-09  1.7631941533683E+11
 23  4.2575479262956E-09  0.0000000000000E+00  4.2575479262956E-09  4.2575479262956E-09  1.7631941533683E+11
 24  3.3568071397548E-09  6.7986997775526E-17  3.3568071397548E-09  3.3568071397548E-09  4.4079853834208E+11
 25  2.5912377174574E-09  0.0000000000000E+00  2.5912377174574E-09  2.5912377174574E-09  4.4079853834208E+11
 26  1.6346877226862E-09  1.9626155733547E-17  1.6346877226862E-09  1.6346877226862E-09  8.8159707668415E+11
 27  1.4250443585161E-09  1.9626155733547E-17  1.4250443585161E-09  1.4250443585161E-09  1.3223956150262E+12
 28  1.2180085814456E-09 -1.9259299443872E-34  1.2180085814456E-09  1.2180085814456E-09  1.3223956150262E+12
 29  1.0011352296375E-09  1.3877787807814E-17  1.0011352296375E-09  1.0011352296375E-09  1.7631941533683E+12
 30  7.0546327969573E-10  0.0000000000000E+00  7.0546327969573E-10  7.0546327969573E-10  2.6447912300525E+12
 31  4.2395126119957E-10 -2.4074124304840E-35  4.2395126119957E-10  4.2395126119957E-10  3.5263883067366E+12
 32  2.3580343389792E-10  3.4694469519536E-18  2.3580343389792E-10  2.3580343389792E-10  3.5263883067366E+12
 33  1.3497521777798E-10  1.7347234759768E-18  1.3497521777798E-10  1.3497521777798E-10  3.5263883067366E+12
 34  7.6318341070591E-11  0.0000000000000E+00  7.6318341070591E-11  7.6318341070591E-11  4.4079853834208E+12
 35  4.7658779763580E-11  0.0000000000000E+00  4.7658779763580E-11  4.7658779763580E-11  4.4079853834208E+12
 
 field : S_PO4    ; Iter =         4 ; region #   0 ; nb.Lev =  35
 k | --   Average    -- | --   Std.Dev    -- | --     min      -- | --     max      -- | --    Vol
  0  1.2710677645162E-09  2.9637565467895E-09  4.7700482537678E-11  1.8831495256552E-08  3.0811817830111E+13
  1  1.8082668860794E-08  0.0000000000000E+00  1.8082668860794E-08  1.8082668860794E-08  8.8159707668415E+10
  2  1.8092190307532E-08  3.1401849173676E-16  1.8092190307532E-08  1.8092190307532E-08  8.8159707668415E+10
  3  1.8110778677348E-08 -9.8607613152626E-32  1.8110778677348E-08  1.8110778677348E-08  8.8159707668415E+10
  4  1.8225754429519E-08  0.0000000000000E+00  1.8225754429519E-08  1.8225754429519E-08  8.8159707668415E+10
  5  1.8831495256552E-08 -4.9303806576313E-32  1.8831495256552E-08  1.8831495256552E-08  8.8159707668415E+10
  6  1.8092909990698E-08  0.0000000000000E+00  1.8092909990698E-08  1.8092909990698E-08  8.8159707668415E+10
  7  1.7379459021633E-08  0.0000000000000E+00  1.7379459021633E-08  1.7379459021633E-08  8.8159707668415E+10
  8  1.3575434460739E-08  1.5700924586838E-16  1.3575434460739E-08  1.3575434460739E-08  8.8159707668415E+10
  9  9.7536471284128E-09  0.0000000000000E+00  9.7536471284128E-09  9.7536471284128E-09  8.8159707668415E+10
 10  8.5469249584839E-09  1.5700924586838E-16  8.5469249584839E-09  8.5469249584839E-09  8.8159707668415E+10
 11  8.2042258863382E-09 -2.4651903288157E-32  8.2042258863382E-09  8.2042258863382E-09  8.8159707668415E+10
 12  7.8704054019881E-09  1.5700924586838E-16  7.8704054019881E-09  7.8704054019881E-09  8.8159707668415E+10
 13  7.5264337106708E-09  0.0000000000000E+00  7.5264337106708E-09  7.5264337106708E-09  8.8159707668415E+10
 14  7.1986687838431E-09  0.0000000000000E+00  7.1986687838431E-09  7.1986687838431E-09  8.8159707668415E+10
 15  6.8078591658078E-09 -1.8488927466117E-32  6.8078591658078E-09  6.8078591658078E-09  1.3223956150262E+11
 16  6.4164590576111E-09  0.0000000000000E+00  6.4164590576111E-09  6.4164590576111E-09  1.3223956150262E+11
 17  6.3665631540392E-09  0.0000000000000E+00  6.3665631540392E-09  6.3665631540392E-09  1.3223956150262E+11
 18  6.3169027912456E-09  0.0000000000000E+00  6.3169027912456E-09  6.3169027912456E-09  1.3223956150262E+11
 19  6.2696465022495E-09  1.1102230246252E-16  6.2696465022495E-09  6.2696465022495E-09  1.3223956150262E+11
 20  6.1521059182752E-09  0.0000000000000E+00  6.1521059182752E-09  6.1521059182752E-09  1.7631941533683E+11
 21  5.5117317142113E-09  7.8504622934189E-17  5.5117317142113E-09  5.5117317142113E-09  1.7631941533683E+11
 22  4.8791592590655E-09 -6.1629758220392E-33  4.8791592590655E-09  4.8791592590655E-09  1.7631941533683E+11
 23  4.2552926564685E-09 -3.0814879110196E-33  4.2552926564685E-09  4.2552926564685E-09  1.7631941533683E+11
 24  3.3550371911731E-09  0.0000000000000E+00  3.3550371911731E-09  3.3550371911731E-09  4.4079853834208E+11
 25  2.5899194905819E-09  4.8074067159589E-17  2.5899194905819E-09  2.5899194905819E-09  4.4079853834208E+11
 26  1.6338959910897E-09  1.9626155733547E-17  1.6338959910897E-09  1.6338959910897E-09  8.8159707668415E+11
 27  1.4245065383932E-09  0.0000000000000E+00  1.4245065383932E-09  1.4245065383932E-09  1.3223956150262E+12
 28  1.2177996641615E-09 -1.9259299443872E-34  1.2177996641615E-09  1.2177996641615E-09  1.3223956150262E+12
 29  1.0010524569566E-09  0.0000000000000E+00  1.0010524569566E-09  1.0010524569566E-09  1.7631941533683E+12
 30  7.0552104942150E-10  0.0000000000000E+00  7.0552104942150E-10  7.0552104942150E-10  2.6447912300525E+12
 31  4.2404317324541E-10 -2.4074124304840E-35  4.2404317324541E-10  4.2404317324541E-10  3.5263883067366E+12
 32  2.3588722099016E-10  3.4694469519536E-18  2.3588722099016E-10  2.3588722099016E-10  3.5263883067366E+12
 33  1.3501583530887E-10  0.0000000000000E+00  1.3501583530887E-10  1.3501583530887E-10  3.5263883067366E+12
 34  7.6331428658968E-11  0.0000000000000E+00  7.6331428658968E-11  7.6331428658968E-11  4.4079853834208E+12
 35  4.7700482537678E-11  0.0000000000000E+00  4.7700482537678E-11  4.7700482537678E-11  4.4079853834208E+12
 
# records End here.
