# header of file: statC_Si
# frequency (s):       3600.000000
# phase (s)    :          0.000000
# Regions      :   0
# Fields       : C_Si    
# Nb of levels :   35
# end of header ------------------------------------------------------------
 
 field : C_Si     ; Iter =         1 ; region #   0 ; nb.Lev =  35
 k | --   Average    -- | --   Std.Dev    -- | --     min      -- | --     max      -- | --    Vol
  0  3.5275193730505E-09  2.1040045226975E-08  0.0000000000000E+00  2.0086963192943E-07  3.0811817830111E+13
  1  9.9574750767752E-08  0.0000000000000E+00  9.9574750767752E-08  9.9574750767752E-08  8.8159707668415E+10
  2  9.7858110930946E-08 -1.5777218104420E-30  9.7858110930946E-08  9.7858110930946E-08  8.8159707668415E+10
  3  9.5681658832548E-08  0.0000000000000E+00  9.5681658832548E-08  9.5681658832548E-08  8.8159707668415E+10
  4  8.8570671674407E-08  1.2560739669470E-15  8.8570671674407E-08  8.8570671674407E-08  8.8159707668415E+10
  5  8.1510489667974E-08  0.0000000000000E+00  8.1510489667974E-08  8.1510489667974E-08  8.8159707668415E+10
  6  2.0086963192943E-07 -6.3108872417681E-30  2.0086963192943E-07  2.0086963192943E-07  8.8159707668415E+10
  7  1.8558306441931E-07  0.0000000000000E+00  1.8558306441931E-07  1.8558306441931E-07  8.8159707668415E+10
  8  1.5761464020412E-07  1.7763568394003E-15  1.5761464020412E-07  1.5761464020412E-07  8.8159707668415E+10
  9  1.0684641368338E-07 -1.5777218104420E-30  1.0684641368338E-07  1.0684641368338E-07  8.8159707668415E+10
 10  6.0188341842258E-08 -7.8886090522101E-31  6.0188341842258E-08  6.0188341842258E-08  8.8159707668415E+10
 11  3.1030103008044E-08  4.4408920985006E-16  3.1030103008044E-08  3.1030103008044E-08  8.8159707668415E+10
 12  1.5157419214400E-08  0.0000000000000E+00  1.5157419214400E-08  1.5157419214400E-08  8.8159707668415E+10
 13  7.4140340151309E-09  0.0000000000000E+00  7.4140340151309E-09  7.4140340151309E-09  8.8159707668415E+10
 14  3.4372223051960E-09  3.9252311467094E-17  3.4372223051960E-09  3.4372223051960E-09  8.8159707668415E+10
 15  1.0192719385705E-09 -1.9259299443872E-34  1.0192719385705E-09  1.0192719385705E-09  1.3223956150262E+11
 16  1.1321652940875E-12 -3.6734198463196E-40  1.1321652940875E-12  1.1321652940875E-12  1.3223956150262E+11
 17  5.7482031221511E-13 -1.3775324423699E-40  5.7482031221511E-13  5.7482031221511E-13  1.3223956150262E+11
 18  0.0000000000000E+00  0.0000000000000E+00  0.0000000000000E+00  0.0000000000000E+00  1.3223956150262E+11
 19  0.0000000000000E+00  0.0000000000000E+00  0.0000000000000E+00  0.0000000000000E+00  1.3223956150262E+11
 20  0.0000000000000E+00  0.0000000000000E+00  0.0000000000000E+00  0.0000000000000E+00  1.7631941533683E+11
 21  0.0000000000000E+00  0.0000000000000E+00  0.0000000000000E+00  0.0000000000000E+00  1.7631941533683E+11
 22  0.0000000000000E+00  0.0000000000000E+00  0.0000000000000E+00  0.0000000000000E+00  1.7631941533683E+11
 23  0.0000000000000E+00  0.0000000000000E+00  0.0000000000000E+00  0.0000000000000E+00  1.7631941533683E+11
 24  0.0000000000000E+00  0.0000000000000E+00  0.0000000000000E+00  0.0000000000000E+00  4.4079853834208E+11
 25  0.0000000000000E+00  0.0000000000000E+00  0.0000000000000E+00  0.0000000000000E+00  4.4079853834208E+11
 26  0.0000000000000E+00  0.0000000000000E+00  0.0000000000000E+00  0.0000000000000E+00  8.8159707668415E+11
 27  0.0000000000000E+00  0.0000000000000E+00  0.0000000000000E+00  0.0000000000000E+00  1.3223956150262E+12
 28  0.0000000000000E+00  0.0000000000000E+00  0.0000000000000E+00  0.0000000000000E+00  1.3223956150262E+12
 29  0.0000000000000E+00  0.0000000000000E+00  0.0000000000000E+00  0.0000000000000E+00  1.7631941533683E+12
 30  0.0000000000000E+00  0.0000000000000E+00  0.0000000000000E+00  0.0000000000000E+00  2.6447912300525E+12
 31  0.0000000000000E+00  0.0000000000000E+00  0.0000000000000E+00  0.0000000000000E+00  3.5263883067366E+12
 32  0.0000000000000E+00  0.0000000000000E+00  0.0000000000000E+00  0.0000000000000E+00  3.5263883067366E+12
 33  0.0000000000000E+00  0.0000000000000E+00  0.0000000000000E+00  0.0000000000000E+00  3.5263883067366E+12
 34  0.0000000000000E+00  0.0000000000000E+00  0.0000000000000E+00  0.0000000000000E+00  4.4079853834208E+12
 35  0.0000000000000E+00  0.0000000000000E+00  0.0000000000000E+00  0.0000000000000E+00  4.4079853834208E+12
 
 field : C_Si     ; Iter =         2 ; region #   0 ; nb.Lev =  35
 k | --   Average    -- | --   Std.Dev    -- | --     min      -- | --     max      -- | --    Vol
  0  3.5615776085910E-09  2.1243203041019E-08  0.0000000000000E+00  2.0291932590947E-07  3.0811817830111E+13
  1  1.0001642719466E-07 -1.5777218104420E-30  1.0001642719466E-07  1.0001642719466E-07  8.8159707668415E+10
  2  9.9191970655504E-08  1.2560739669470E-15  9.9191970655504E-08  9.9191970655504E-08  8.8159707668415E+10
  3  9.7865876549358E-08  1.7763568394003E-15  9.7865876549358E-08  9.7865876549358E-08  8.8159707668415E+10
  4  9.0028323217990E-08  0.0000000000000E+00  9.0028323217990E-08  9.0028323217990E-08  8.8159707668415E+10
  5  8.2430517108649E-08  0.0000000000000E+00  8.2430517108649E-08  8.2430517108649E-08  8.8159707668415E+10
  6  2.0291932590947E-07  2.5121479338940E-15  2.0291932590947E-07  2.0291932590947E-07  8.8159707668415E+10
  7  1.8716895152393E-07  2.5121479338940E-15  1.8716895152393E-07  1.8716895152393E-07  8.8159707668415E+10
  8  1.5871285433951E-07 -3.1554436208840E-30  1.5871285433951E-07  1.5871285433951E-07  8.8159707668415E+10
  9  1.0733689738116E-07  0.0000000000000E+00  1.0733689738116E-07  1.0733689738116E-07  8.8159707668415E+10
 10  6.0389516816097E-08  0.0000000000000E+00  6.0389516816097E-08  6.0389516816097E-08  8.8159707668415E+10
 11  3.1110157364381E-08  0.0000000000000E+00  3.1110157364381E-08  3.1110157364381E-08  8.8159707668415E+10
 12  1.5190954294867E-08  2.2204460492503E-16  1.5190954294867E-08  1.5190954294867E-08  8.8159707668415E+10
 13  7.4277064934725E-09  0.0000000000000E+00  7.4277064934725E-09  7.4277064934725E-09  8.8159707668415E+10
 14  3.4438527754111E-09  0.0000000000000E+00  3.4438527754111E-09  3.4438527754111E-09  8.8159707668415E+10
 15  1.0221379789504E-09 -1.9259299443872E-34  1.0221379789504E-09  1.0221379789504E-09  1.3223956150262E+11
 16  2.6486652319760E-12 -1.4693679385279E-39  2.6486652319760E-12  2.6486652319760E-12  1.3223956150262E+11
 17  5.7507454884726E-13 -9.1835496157991E-41  5.7507454884726E-13  5.7507454884726E-13  1.3223956150262E+11
 18  0.0000000000000E+00  0.0000000000000E+00  0.0000000000000E+00  0.0000000000000E+00  1.3223956150262E+11
 19  0.0000000000000E+00  0.0000000000000E+00  0.0000000000000E+00  0.0000000000000E+00  1.3223956150262E+11
 20  0.0000000000000E+00  0.0000000000000E+00  0.0000000000000E+00  0.0000000000000E+00  1.7631941533683E+11
 21  0.0000000000000E+00  0.0000000000000E+00  0.0000000000000E+00  0.0000000000000E+00  1.7631941533683E+11
 22  0.0000000000000E+00  0.0000000000000E+00  0.0000000000000E+00  0.0000000000000E+00  1.7631941533683E+11
 23  0.0000000000000E+00  0.0000000000000E+00  0.0000000000000E+00  0.0000000000000E+00  1.7631941533683E+11
 24  0.0000000000000E+00  0.0000000000000E+00  0.0000000000000E+00  0.0000000000000E+00  4.4079853834208E+11
 25  0.0000000000000E+00  0.0000000000000E+00  0.0000000000000E+00  0.0000000000000E+00  4.4079853834208E+11
 26  0.0000000000000E+00  0.0000000000000E+00  0.0000000000000E+00  0.0000000000000E+00  8.8159707668415E+11
 27  0.0000000000000E+00  0.0000000000000E+00  0.0000000000000E+00  0.0000000000000E+00  1.3223956150262E+12
 28  0.0000000000000E+00  0.0000000000000E+00  0.0000000000000E+00  0.0000000000000E+00  1.3223956150262E+12
 29  0.0000000000000E+00  0.0000000000000E+00  0.0000000000000E+00  0.0000000000000E+00  1.7631941533683E+12
 30  0.0000000000000E+00  0.0000000000000E+00  0.0000000000000E+00  0.0000000000000E+00  2.6447912300525E+12
 31  0.0000000000000E+00  0.0000000000000E+00  0.0000000000000E+00  0.0000000000000E+00  3.5263883067366E+12
 32  0.0000000000000E+00  0.0000000000000E+00  0.0000000000000E+00  0.0000000000000E+00  3.5263883067366E+12
 33  0.0000000000000E+00  0.0000000000000E+00  0.0000000000000E+00  0.0000000000000E+00  3.5263883067366E+12
 34  0.0000000000000E+00  0.0000000000000E+00  0.0000000000000E+00  0.0000000000000E+00  4.4079853834208E+12
 35  0.0000000000000E+00  0.0000000000000E+00  0.0000000000000E+00  0.0000000000000E+00  4.4079853834208E+12
 
 field : C_Si     ; Iter =         3 ; region #   0 ; nb.Lev =  35
 k | --   Average    -- | --   Std.Dev    -- | --     min      -- | --     max      -- | --    Vol
  0  3.5954006259824E-09  2.1445080977538E-08  0.0000000000000E+00  2.0497953750020E-07  3.0811817830111E+13
  1  1.0085995868594E-07 -1.5777218104420E-30  1.0085995868594E-07  1.0085995868594E-07  8.8159707668415E+10
  2  1.0018436689652E-07 -1.5777218104420E-30  1.0018436689652E-07  1.0018436689652E-07  8.8159707668415E+10
  3  9.9015631539390E-08 -3.1554436208840E-30  9.9015631539390E-08  9.9015631539390E-08  8.8159707668415E+10
  4  9.2400695692180E-08  1.2560739669470E-15  9.2400695692180E-08  9.2400695692180E-08  8.8159707668415E+10
  5  8.3343629802836E-08  0.0000000000000E+00  8.3343629802836E-08  8.3343629802836E-08  8.8159707668415E+10
  6  2.0497953750020E-07 -1.2621774483536E-29  2.0497953750020E-07  2.0497953750020E-07  8.8159707668415E+10
  7  1.8875948945530E-07  0.0000000000000E+00  1.8875948945530E-07  1.8875948945530E-07  8.8159707668415E+10
  8  1.5980348001302E-07  1.7763568394003E-15  1.5980348001302E-07  1.5980348001302E-07  8.8159707668415E+10
  9  1.0781828752252E-07 -1.5777218104420E-30  1.0781828752252E-07  1.0781828752252E-07  8.8159707668415E+10
 10  6.0583929180495E-08  0.0000000000000E+00  6.0583929180495E-08  6.0583929180495E-08  8.8159707668415E+10
 11  3.1186302039289E-08  0.0000000000000E+00  3.1186302039289E-08  3.1186302039289E-08  8.8159707668415E+10
 12  1.5222456505440E-08  0.0000000000000E+00  1.5222456505440E-08  1.5222456505440E-08  8.8159707668415E+10
 13  7.4403580062972E-09 -1.2325951644078E-32  7.4403580062972E-09  7.4403580062972E-09  8.8159707668415E+10
 14  3.4499941575572E-09 -3.0814879110196E-33  3.4499941575572E-09  3.4499941575572E-09  8.8159707668415E+10
 15  1.0248577742298E-09  1.3877787807814E-17  1.0248577742298E-09  1.0248577742298E-09  1.3223956150262E+11
 16  4.1645622809662E-12  0.0000000000000E+00  4.1645622809662E-12  4.1645622809662E-12  1.3223956150262E+11
 17  5.7885273573054E-13  6.7762635780344E-21  5.7885273573054E-13  5.7885273573054E-13  1.3223956150262E+11
 18  0.0000000000000E+00  0.0000000000000E+00  0.0000000000000E+00  0.0000000000000E+00  1.3223956150262E+11
 19  0.0000000000000E+00  0.0000000000000E+00  0.0000000000000E+00  0.0000000000000E+00  1.3223956150262E+11
 20  0.0000000000000E+00  0.0000000000000E+00  0.0000000000000E+00  0.0000000000000E+00  1.7631941533683E+11
 21  0.0000000000000E+00  0.0000000000000E+00  0.0000000000000E+00  0.0000000000000E+00  1.7631941533683E+11
 22  0.0000000000000E+00  0.0000000000000E+00  0.0000000000000E+00  0.0000000000000E+00  1.7631941533683E+11
 23  0.0000000000000E+00  0.0000000000000E+00  0.0000000000000E+00  0.0000000000000E+00  1.7631941533683E+11
 24  0.0000000000000E+00  0.0000000000000E+00  0.0000000000000E+00  0.0000000000000E+00  4.4079853834208E+11
 25  0.0000000000000E+00  0.0000000000000E+00  0.0000000000000E+00  0.0000000000000E+00  4.4079853834208E+11
 26  0.0000000000000E+00  0.0000000000000E+00  0.0000000000000E+00  0.0000000000000E+00  8.8159707668415E+11
 27  0.0000000000000E+00  0.0000000000000E+00  0.0000000000000E+00  0.0000000000000E+00  1.3223956150262E+12
 28  0.0000000000000E+00  0.0000000000000E+00  0.0000000000000E+00  0.0000000000000E+00  1.3223956150262E+12
 29  0.0000000000000E+00  0.0000000000000E+00  0.0000000000000E+00  0.0000000000000E+00  1.7631941533683E+12
 30  0.0000000000000E+00  0.0000000000000E+00  0.0000000000000E+00  0.0000000000000E+00  2.6447912300525E+12
 31  0.0000000000000E+00  0.0000000000000E+00  0.0000000000000E+00  0.0000000000000E+00  3.5263883067366E+12
 32  0.0000000000000E+00  0.0000000000000E+00  0.0000000000000E+00  0.0000000000000E+00  3.5263883067366E+12
 33  0.0000000000000E+00  0.0000000000000E+00  0.0000000000000E+00  0.0000000000000E+00  3.5263883067366E+12
 34  0.0000000000000E+00  0.0000000000000E+00  0.0000000000000E+00  0.0000000000000E+00  4.4079853834208E+12
 35  0.0000000000000E+00  0.0000000000000E+00  0.0000000000000E+00  0.0000000000000E+00  4.4079853834208E+12
 
 field : C_Si     ; Iter =         4 ; region #   0 ; nb.Lev =  35
 k | --   Average    -- | --   Std.Dev    -- | --     min      -- | --     max      -- | --    Vol
  0  3.6288061466337E-09  2.1645400378206E-08  0.0000000000000E+00  2.0705016282027E-07  3.0811817830111E+13
  1  1.0165786211258E-07  1.2560739669470E-15  1.0165786211258E-07  1.0165786211258E-07  8.8159707668415E+10
  2  1.0099301701003E-07 -3.1554436208840E-30  1.0099301701003E-07  1.0099301701003E-07  8.8159707668415E+10
  3  9.9843939124786E-08  1.7763568394003E-15  9.9843939124786E-08  9.9843939124786E-08  8.8159707668415E+10
  4  9.5170416891338E-08  1.2560739669470E-15  9.5170416891338E-08  9.5170416891338E-08  8.8159707668415E+10
  5  8.4280608874366E-08 -7.8886090522101E-31  8.4280608874366E-08  8.4280608874366E-08  8.8159707668415E+10
  6  2.0705016282027E-07 -6.3108872417681E-30  2.0705016282027E-07  2.0705016282027E-07  8.8159707668415E+10
  7  1.9035455200961E-07 -6.3108872417681E-30  1.9035455200961E-07  1.9035455200961E-07  8.8159707668415E+10
  8  1.6088640352201E-07 -3.1554436208840E-30  1.6088640352201E-07  1.6088640352201E-07  8.8159707668415E+10
  9  1.0829052636594E-07  0.0000000000000E+00  1.0829052636594E-07  1.0829052636594E-07  8.8159707668415E+10
 10  6.0771582951876E-08  8.8817841970013E-16  6.0771582951876E-08  6.0771582951876E-08  8.8159707668415E+10
 11  3.1258550676662E-08  0.0000000000000E+00  3.1258550676662E-08  3.1258550676662E-08  8.8159707668415E+10
 12  1.5251935919063E-08 -4.9303806576313E-32  1.5251935919063E-08  1.5251935919063E-08  8.8159707668415E+10
 13  7.4519948274555E-09  1.1102230246252E-16  7.4519948274555E-09  7.4519948274555E-09  8.8159707668415E+10
 14  3.4556494212345E-09  0.0000000000000E+00  3.4556494212345E-09  3.4556494212345E-09  8.8159707668415E+10
 15  1.0274318076272E-09 -1.9259299443872E-34  1.0274318076272E-09  1.0274318076272E-09  1.3223956150262E+11
 16  5.6792073901759E-12  0.0000000000000E+00  5.6792073901759E-12  5.6792073901759E-12  1.3223956150262E+11
 17  5.8613249835657E-13 -4.5917748078996E-41  5.8613249835657E-13  5.8613249835657E-13  1.3223956150262E+11
 18  0.0000000000000E+00  0.0000000000000E+00  0.0000000000000E+00  0.0000000000000E+00  1.3223956150262E+11
 19  0.0000000000000E+00  0.0000000000000E+00  0.0000000000000E+00  0.0000000000000E+00  1.3223956150262E+11
 20  0.0000000000000E+00  0.0000000000000E+00  0.0000000000000E+00  0.0000000000000E+00  1.7631941533683E+11
 21  0.0000000000000E+00  0.0000000000000E+00  0.0000000000000E+00  0.0000000000000E+00  1.7631941533683E+11
 22  0.0000000000000E+00  0.0000000000000E+00  0.0000000000000E+00  0.0000000000000E+00  1.7631941533683E+11
 23  0.0000000000000E+00  0.0000000000000E+00  0.0000000000000E+00  0.0000000000000E+00  1.7631941533683E+11
 24  0.0000000000000E+00  0.0000000000000E+00  0.0000000000000E+00  0.0000000000000E+00  4.4079853834208E+11
 25  0.0000000000000E+00  0.0000000000000E+00  0.0000000000000E+00  0.0000000000000E+00  4.4079853834208E+11
 26  0.0000000000000E+00  0.0000000000000E+00  0.0000000000000E+00  0.0000000000000E+00  8.8159707668415E+11
 27  0.0000000000000E+00  0.0000000000000E+00  0.0000000000000E+00  0.0000000000000E+00  1.3223956150262E+12
 28  0.0000000000000E+00  0.0000000000000E+00  0.0000000000000E+00  0.0000000000000E+00  1.3223956150262E+12
 29  0.0000000000000E+00  0.0000000000000E+00  0.0000000000000E+00  0.0000000000000E+00  1.7631941533683E+12
 30  0.0000000000000E+00  0.0000000000000E+00  0.0000000000000E+00  0.0000000000000E+00  2.6447912300525E+12
 31  0.0000000000000E+00  0.0000000000000E+00  0.0000000000000E+00  0.0000000000000E+00  3.5263883067366E+12
 32  0.0000000000000E+00  0.0000000000000E+00  0.0000000000000E+00  0.0000000000000E+00  3.5263883067366E+12
 33  0.0000000000000E+00  0.0000000000000E+00  0.0000000000000E+00  0.0000000000000E+00  3.5263883067366E+12
 34  0.0000000000000E+00  0.0000000000000E+00  0.0000000000000E+00  0.0000000000000E+00  4.4079853834208E+12
 35  0.0000000000000E+00  0.0000000000000E+00  0.0000000000000E+00  0.0000000000000E+00  4.4079853834208E+12
 
# records End here.
