# header of file: statC_PO4
# frequency (s):       3600.000000
# phase (s)    :          0.000000
# Regions      :   0
# Fields       : C_PO4   
# Nb of levels :   35
# end of header ------------------------------------------------------------
 
 field : C_PO4    ; Iter =         1 ; region #   0 ; nb.Lev =  35
 k | --   Average    -- | --   Std.Dev    -- | --     min      -- | --     max      -- | --    Vol
  0  5.0662689793832E-10  2.9511870057687E-09  0.0000000000000E+00  2.6209829562977E-08  3.0811817830111E+13
  1  1.6986825055471E-08  0.0000000000000E+00  1.6986825055471E-08  1.6986825055471E-08  8.8159707668415E+10
  2  1.6704766523944E-08  0.0000000000000E+00  1.6704766523944E-08  1.6704766523944E-08  8.8159707668415E+10
  3  1.6266660324721E-08 -9.8607613152626E-32  1.6266660324721E-08  1.6266660324721E-08  8.8159707668415E+10
  4  1.5361532614215E-08 -9.8607613152626E-32  1.5361532614215E-08  1.5361532614215E-08  8.8159707668415E+10
  5  1.4285313854028E-08 -2.4651903288157E-32  1.4285313854028E-08  1.4285313854028E-08  8.8159707668415E+10
  6  2.6209829562977E-08  0.0000000000000E+00  2.6209829562977E-08  2.6209829562977E-08  8.8159707668415E+10
  7  2.3443933520840E-08  0.0000000000000E+00  2.3443933520840E-08  2.3443933520840E-08  8.8159707668415E+10
  8  1.9188799019606E-08  0.0000000000000E+00  1.9188799019606E-08  1.9188799019606E-08  8.8159707668415E+10
  9  1.3285418860272E-08  2.7194799110210E-16  1.3285418860272E-08  1.3285418860272E-08  8.8159707668415E+10
 10  7.6649689471737E-09  0.0000000000000E+00  7.6649689471737E-09  7.6649689471737E-09  8.8159707668415E+10
 11  4.0259913226298E-09  0.0000000000000E+00  4.0259913226298E-09  4.0259913226298E-09  8.8159707668415E+10
 12  1.9931147190290E-09  0.0000000000000E+00  1.9931147190290E-09  1.9931147190290E-09  8.8159707668415E+10
 13  9.8408483281296E-10  0.0000000000000E+00  9.8408483281296E-10  9.8408483281296E-10  8.8159707668415E+10
 14  4.5919028130254E-10  0.0000000000000E+00  4.5919028130254E-10  4.5919028130254E-10  8.8159707668415E+10
 15  1.3688403736191E-10  0.0000000000000E+00  1.3688403736191E-10  1.3688403736191E-10  1.3223956150262E+11
 16  1.5258187493853E-13  0.0000000000000E+00  1.5258187493853E-13  1.5258187493853E-13  1.3223956150262E+11
 17  7.7641042404500E-14  8.4703294725430E-22  7.7641042404500E-14  7.7641042404500E-14  1.3223956150262E+11
 18  0.0000000000000E+00  0.0000000000000E+00  0.0000000000000E+00  0.0000000000000E+00  1.3223956150262E+11
 19  0.0000000000000E+00  0.0000000000000E+00  0.0000000000000E+00  0.0000000000000E+00  1.3223956150262E+11
 20  0.0000000000000E+00  0.0000000000000E+00  0.0000000000000E+00  0.0000000000000E+00  1.7631941533683E+11
 21  0.0000000000000E+00  0.0000000000000E+00  0.0000000000000E+00  0.0000000000000E+00  1.7631941533683E+11
 22  0.0000000000000E+00  0.0000000000000E+00  0.0000000000000E+00  0.0000000000000E+00  1.7631941533683E+11
 23  0.0000000000000E+00  0.0000000000000E+00  0.0000000000000E+00  0.0000000000000E+00  1.7631941533683E+11
 24  0.0000000000000E+00  0.0000000000000E+00  0.0000000000000E+00  0.0000000000000E+00  4.4079853834208E+11
 25  0.0000000000000E+00  0.0000000000000E+00  0.0000000000000E+00  0.0000000000000E+00  4.4079853834208E+11
 26  0.0000000000000E+00  0.0000000000000E+00  0.0000000000000E+00  0.0000000000000E+00  8.8159707668415E+11
 27  0.0000000000000E+00  0.0000000000000E+00  0.0000000000000E+00  0.0000000000000E+00  1.3223956150262E+12
 28  0.0000000000000E+00  0.0000000000000E+00  0.0000000000000E+00  0.0000000000000E+00  1.3223956150262E+12
 29  0.0000000000000E+00  0.0000000000000E+00  0.0000000000000E+00  0.0000000000000E+00  1.7631941533683E+12
 30  0.0000000000000E+00  0.0000000000000E+00  0.0000000000000E+00  0.0000000000000E+00  2.6447912300525E+12
 31  0.0000000000000E+00  0.0000000000000E+00  0.0000000000000E+00  0.0000000000000E+00  3.5263883067366E+12
 32  0.0000000000000E+00  0.0000000000000E+00  0.0000000000000E+00  0.0000000000000E+00  3.5263883067366E+12
 33  0.0000000000000E+00  0.0000000000000E+00  0.0000000000000E+00  0.0000000000000E+00  3.5263883067366E+12
 34  0.0000000000000E+00  0.0000000000000E+00  0.0000000000000E+00  0.0000000000000E+00  4.4079853834208E+12
 35  0.0000000000000E+00  0.0000000000000E+00  0.0000000000000E+00  0.0000000000000E+00  4.4079853834208E+12
 
 field : C_PO4    ; Iter =         2 ; region #   0 ; nb.Lev =  35
 k | --   Average    -- | --   Std.Dev    -- | --     min      -- | --     max      -- | --    Vol
  0  5.1080523773288E-10  2.9765657670538E-09  0.0000000000000E+00  2.6444244550544E-08  3.0811817830111E+13
  1  1.7074119492352E-08 -9.8607613152626E-32  1.7074119492352E-08  1.7074119492352E-08  8.8159707668415E+10
  2  1.6904524856767E-08  0.0000000000000E+00  1.6904524856767E-08  1.6904524856767E-08  8.8159707668415E+10
  3  1.6506906864679E-08 -9.8607613152626E-32  1.6506906864679E-08  1.6506906864679E-08  8.8159707668415E+10
  4  1.5533608428113E-08  0.0000000000000E+00  1.5533608428113E-08  1.5533608428113E-08  8.8159707668415E+10
  5  1.4417318700018E-08  0.0000000000000E+00  1.4417318700018E-08  1.4417318700018E-08  8.8159707668415E+10
  6  2.6444244550544E-08  3.1401849173676E-16  2.6444244550544E-08  2.6444244550544E-08  8.8159707668415E+10
  7  2.3624122343907E-08  0.0000000000000E+00  2.3624122343907E-08  2.3624122343907E-08  8.8159707668415E+10
  8  1.9309573207282E-08  0.0000000000000E+00  1.9309573207282E-08  1.9309573207282E-08  8.8159707668415E+10
  9  1.3341163312803E-08  0.0000000000000E+00  1.3341163312803E-08  1.3341163312803E-08  8.8159707668415E+10
 10  7.6878525135299E-09  1.1102230246252E-16  7.6878525135299E-09  7.6878525135299E-09  8.8159707668415E+10
 11  4.0348655048052E-09  0.0000000000000E+00  4.0348655048052E-09  4.0348655048052E-09  8.8159707668415E+10
 12  1.9966400986294E-09 -7.7037197775489E-34  1.9966400986294E-09  1.9966400986294E-09  8.8159707668415E+10
 13  9.8545572793280E-10  0.0000000000000E+00  9.8545572793280E-10  9.8545572793280E-10  8.8159707668415E+10
 14  4.5980581587586E-10  0.0000000000000E+00  4.5980581587586E-10  4.5980581587586E-10  8.8159707668415E+10
 15  1.3712969748907E-10 -6.0185310762101E-36  1.3712969748907E-10  1.3712969748907E-10  1.3223956150262E+11
 16  2.7875399395979E-13  0.0000000000000E+00  2.7875399395979E-13  2.7875399395979E-13  1.3223956150262E+11
 17  7.7662119245026E-14 -7.1746481373431E-43  7.7662119245026E-14  7.7662119245026E-14  1.3223956150262E+11
 18  0.0000000000000E+00  0.0000000000000E+00  0.0000000000000E+00  0.0000000000000E+00  1.3223956150262E+11
 19  0.0000000000000E+00  0.0000000000000E+00  0.0000000000000E+00  0.0000000000000E+00  1.3223956150262E+11
 20  0.0000000000000E+00  0.0000000000000E+00  0.0000000000000E+00  0.0000000000000E+00  1.7631941533683E+11
 21  0.0000000000000E+00  0.0000000000000E+00  0.0000000000000E+00  0.0000000000000E+00  1.7631941533683E+11
 22  0.0000000000000E+00  0.0000000000000E+00  0.0000000000000E+00  0.0000000000000E+00  1.7631941533683E+11
 23  0.0000000000000E+00  0.0000000000000E+00  0.0000000000000E+00  0.0000000000000E+00  1.7631941533683E+11
 24  0.0000000000000E+00  0.0000000000000E+00  0.0000000000000E+00  0.0000000000000E+00  4.4079853834208E+11
 25  0.0000000000000E+00  0.0000000000000E+00  0.0000000000000E+00  0.0000000000000E+00  4.4079853834208E+11
 26  0.0000000000000E+00  0.0000000000000E+00  0.0000000000000E+00  0.0000000000000E+00  8.8159707668415E+11
 27  0.0000000000000E+00  0.0000000000000E+00  0.0000000000000E+00  0.0000000000000E+00  1.3223956150262E+12
 28  0.0000000000000E+00  0.0000000000000E+00  0.0000000000000E+00  0.0000000000000E+00  1.3223956150262E+12
 29  0.0000000000000E+00  0.0000000000000E+00  0.0000000000000E+00  0.0000000000000E+00  1.7631941533683E+12
 30  0.0000000000000E+00  0.0000000000000E+00  0.0000000000000E+00  0.0000000000000E+00  2.6447912300525E+12
 31  0.0000000000000E+00  0.0000000000000E+00  0.0000000000000E+00  0.0000000000000E+00  3.5263883067366E+12
 32  0.0000000000000E+00  0.0000000000000E+00  0.0000000000000E+00  0.0000000000000E+00  3.5263883067366E+12
 33  0.0000000000000E+00  0.0000000000000E+00  0.0000000000000E+00  0.0000000000000E+00  3.5263883067366E+12
 34  0.0000000000000E+00  0.0000000000000E+00  0.0000000000000E+00  0.0000000000000E+00  4.4079853834208E+12
 35  0.0000000000000E+00  0.0000000000000E+00  0.0000000000000E+00  0.0000000000000E+00  4.4079853834208E+12
 
 field : C_PO4    ; Iter =         3 ; region #   0 ; nb.Lev =  35
 k | --   Average    -- | --   Std.Dev    -- | --     min      -- | --     max      -- | --    Vol
  0  5.1499791170944E-10  3.0020303908495E-09  0.0000000000000E+00  2.6679568396514E-08  3.0811817830111E+13
  1  1.7205150958205E-08  2.2204460492503E-16  1.7205150958205E-08  1.7205150958205E-08  8.8159707668415E+10
  2  1.7063805918481E-08  0.0000000000000E+00  1.7063805918481E-08  1.7063805918481E-08  8.8159707668415E+10
  3  1.6692250048167E-08  0.0000000000000E+00  1.6692250048167E-08  1.6692250048167E-08  8.8159707668415E+10
  4  1.5766150389588E-08 -4.9303806576313E-32  1.5766150389588E-08  1.5766150389588E-08  8.8159707668415E+10
  5  1.4548415804360E-08  0.0000000000000E+00  1.4548415804360E-08  1.4548415804360E-08  8.8159707668415E+10
  6  2.6679568396514E-08  0.0000000000000E+00  2.6679568396514E-08  2.6679568396514E-08  8.8159707668415E+10
  7  2.3804541405432E-08  0.0000000000000E+00  2.3804541405432E-08  2.3804541405432E-08  8.8159707668415E+10
  8  1.9429372154679E-08  0.0000000000000E+00  1.9429372154679E-08  1.9429372154679E-08  8.8159707668415E+10
  9  1.3395734540048E-08  0.0000000000000E+00  1.3395734540048E-08  1.3395734540048E-08  8.8159707668415E+10
 10  7.7098617708440E-09  1.1102230246252E-16  7.7098617708440E-09  7.7098617708440E-09  8.8159707668415E+10
 11  4.0432239316992E-09  0.0000000000000E+00  4.0432239316992E-09  4.0432239316992E-09  8.8159707668415E+10
 12  1.9998938017704E-09 -7.7037197775489E-34  1.9998938017704E-09  1.9998938017704E-09  8.8159707668415E+10
 13  9.8668842019259E-10  2.4037033579795E-17  9.8668842019259E-10  9.8668842019259E-10  8.8159707668415E+10
 14  4.6035522497103E-10  6.9388939039072E-18  4.6035522497103E-10  4.6035522497103E-10  8.8159707668415E+10
 15  1.3735546193227E-10  0.0000000000000E+00  1.3735546193227E-10  1.3735546193227E-10  1.3223956150262E+11
 16  4.0487246296456E-13  0.0000000000000E+00  4.0487246296456E-13  4.0487246296456E-13  1.3223956150262E+11
 17  7.7917271028776E-14  0.0000000000000E+00  7.7917271028776E-14  7.7917271028776E-14  1.3223956150262E+11
 18  0.0000000000000E+00  0.0000000000000E+00  0.0000000000000E+00  0.0000000000000E+00  1.3223956150262E+11
 19  0.0000000000000E+00  0.0000000000000E+00  0.0000000000000E+00  0.0000000000000E+00  1.3223956150262E+11
 20  0.0000000000000E+00  0.0000000000000E+00  0.0000000000000E+00  0.0000000000000E+00  1.7631941533683E+11
 21  0.0000000000000E+00  0.0000000000000E+00  0.0000000000000E+00  0.0000000000000E+00  1.7631941533683E+11
 22  0.0000000000000E+00  0.0000000000000E+00  0.0000000000000E+00  0.0000000000000E+00  1.7631941533683E+11
 23  0.0000000000000E+00  0.0000000000000E+00  0.0000000000000E+00  0.0000000000000E+00  1.7631941533683E+11
 24  0.0000000000000E+00  0.0000000000000E+00  0.0000000000000E+00  0.0000000000000E+00  4.4079853834208E+11
 25  0.0000000000000E+00  0.0000000000000E+00  0.0000000000000E+00  0.0000000000000E+00  4.4079853834208E+11
 26  0.0000000000000E+00  0.0000000000000E+00  0.0000000000000E+00  0.0000000000000E+00  8.8159707668415E+11
 27  0.0000000000000E+00  0.0000000000000E+00  0.0000000000000E+00  0.0000000000000E+00  1.3223956150262E+12
 28  0.0000000000000E+00  0.0000000000000E+00  0.0000000000000E+00  0.0000000000000E+00  1.3223956150262E+12
 29  0.0000000000000E+00  0.0000000000000E+00  0.0000000000000E+00  0.0000000000000E+00  1.7631941533683E+12
 30  0.0000000000000E+00  0.0000000000000E+00  0.0000000000000E+00  0.0000000000000E+00  2.6447912300525E+12
 31  0.0000000000000E+00  0.0000000000000E+00  0.0000000000000E+00  0.0000000000000E+00  3.5263883067366E+12
 32  0.0000000000000E+00  0.0000000000000E+00  0.0000000000000E+00  0.0000000000000E+00  3.5263883067366E+12
 33  0.0000000000000E+00  0.0000000000000E+00  0.0000000000000E+00  0.0000000000000E+00  3.5263883067366E+12
 34  0.0000000000000E+00  0.0000000000000E+00  0.0000000000000E+00  0.0000000000000E+00  4.4079853834208E+12
 35  0.0000000000000E+00  0.0000000000000E+00  0.0000000000000E+00  0.0000000000000E+00  4.4079853834208E+12
 
 field : C_PO4    ; Iter =         4 ; region #   0 ; nb.Lev =  35
 k | --   Average    -- | --   Std.Dev    -- | --     min      -- | --     max      -- | --    Vol
  0  5.1903490329955E-10  3.0266895257224E-09  0.0000000000000E+00  2.6915788411850E-08  3.0811817830111E+13
  1  1.7329325741699E-08  0.0000000000000E+00  1.7329325741699E-08  1.7329325741699E-08  8.8159707668415E+10
  2  1.7199536992699E-08  2.2204460492503E-16  1.7199536992699E-08  1.7199536992699E-08  8.8159707668415E+10
  3  1.6850357402337E-08  0.0000000000000E+00  1.6850357402337E-08  1.6850357402337E-08  8.8159707668415E+10
  4  1.6003681419347E-08 -4.9303806576313E-32  1.6003681419347E-08  1.6003681419347E-08  8.8159707668415E+10
  5  1.4680690853014E-08 -4.9303806576313E-32  1.4680690853014E-08  1.4680690853014E-08  8.8159707668415E+10
  6  2.6915788411850E-08  4.4408920985006E-16  2.6915788411850E-08  2.6915788411850E-08  8.8159707668415E+10
  7  2.3985178405348E-08 -1.9721522630525E-31  2.3985178405348E-08  2.3985178405348E-08  8.8159707668415E+10
  8  1.9548185377016E-08  3.1401849173676E-16  1.9548185377016E-08  1.9548185377016E-08  8.8159707668415E+10
  9  1.3449129180367E-08  1.5700924586838E-16  1.3449129180367E-08  1.3449129180367E-08  8.8159707668415E+10
 10  7.7309989127867E-09  1.1102230246252E-16  7.7309989127867E-09  7.7309989127867E-09  8.8159707668415E+10
 11  4.0510692681191E-09  0.0000000000000E+00  4.0510692681191E-09  4.0510692681191E-09  8.8159707668415E+10
 12  2.0028776188670E-09  2.7755575615629E-17  2.0028776188670E-09  2.0028776188670E-09  8.8159707668415E+10
 13  9.8778397227049E-10 -1.9259299443872E-34  9.8778397227049E-10  9.8778397227049E-10  8.8159707668415E+10
 14  4.6083902825893E-10  4.9065389333868E-18  4.6083902825893E-10  4.6083902825893E-10  8.8159707668415E+10
 15  1.3756145800796E-10  0.0000000000000E+00  1.3756145800796E-10  1.3756145800796E-10  1.3223956150262E+11
 16  5.3088300920014E-13  0.0000000000000E+00  5.3088300920014E-13  5.3088300920014E-13  1.3223956150262E+11
 17  7.8405125218384E-14  8.4703294725430E-22  7.8405125218384E-14  7.8405125218384E-14  1.3223956150262E+11
 18  0.0000000000000E+00  0.0000000000000E+00  0.0000000000000E+00  0.0000000000000E+00  1.3223956150262E+11
 19  0.0000000000000E+00  0.0000000000000E+00  0.0000000000000E+00  0.0000000000000E+00  1.3223956150262E+11
 20  0.0000000000000E+00  0.0000000000000E+00  0.0000000000000E+00  0.0000000000000E+00  1.7631941533683E+11
 21  0.0000000000000E+00  0.0000000000000E+00  0.0000000000000E+00  0.0000000000000E+00  1.7631941533683E+11
 22  0.0000000000000E+00  0.0000000000000E+00  0.0000000000000E+00  0.0000000000000E+00  1.7631941533683E+11
 23  0.0000000000000E+00  0.0000000000000E+00  0.0000000000000E+00  0.0000000000000E+00  1.7631941533683E+11
 24  0.0000000000000E+00  0.0000000000000E+00  0.0000000000000E+00  0.0000000000000E+00  4.4079853834208E+11
 25  0.0000000000000E+00  0.0000000000000E+00  0.0000000000000E+00  0.0000000000000E+00  4.4079853834208E+11
 26  0.0000000000000E+00  0.0000000000000E+00  0.0000000000000E+00  0.0000000000000E+00  8.8159707668415E+11
 27  0.0000000000000E+00  0.0000000000000E+00  0.0000000000000E+00  0.0000000000000E+00  1.3223956150262E+12
 28  0.0000000000000E+00  0.0000000000000E+00  0.0000000000000E+00  0.0000000000000E+00  1.3223956150262E+12
 29  0.0000000000000E+00  0.0000000000000E+00  0.0000000000000E+00  0.0000000000000E+00  1.7631941533683E+12
 30  0.0000000000000E+00  0.0000000000000E+00  0.0000000000000E+00  0.0000000000000E+00  2.6447912300525E+12
 31  0.0000000000000E+00  0.0000000000000E+00  0.0000000000000E+00  0.0000000000000E+00  3.5263883067366E+12
 32  0.0000000000000E+00  0.0000000000000E+00  0.0000000000000E+00  0.0000000000000E+00  3.5263883067366E+12
 33  0.0000000000000E+00  0.0000000000000E+00  0.0000000000000E+00  0.0000000000000E+00  3.5263883067366E+12
 34  0.0000000000000E+00  0.0000000000000E+00  0.0000000000000E+00  0.0000000000000E+00  4.4079853834208E+12
 35  0.0000000000000E+00  0.0000000000000E+00  0.0000000000000E+00  0.0000000000000E+00  4.4079853834208E+12
 
# records End here.
