# header of file: statS_DIN
# frequency (s):       3600.000000
# phase (s)    :          0.000000
# Regions      :   0
# Fields       : S_DIN   
# Nb of levels :   35
# end of header ------------------------------------------------------------
 
 field : S_DIN    ; Iter =         1 ; region #   0 ; nb.Lev =  35
 k | --   Average    -- | --   Std.Dev    -- | --     min      -- | --     max      -- | --    Vol
  0 -4.6342668193490E-08  1.0682210444178E-07 -5.7415733051758E-07  3.0212424224107E-07  3.0811817830111E+13
  1  2.8921268106419E-07  0.0000000000000E+00  2.8921268106419E-07  2.8921268106419E-07  8.8159707668415E+10
  2  2.8940081185978E-07  5.0242958677881E-15  2.8940081185978E-07  2.8940081185978E-07  8.8159707668415E+10
  3  2.8955025318724E-07 -1.2621774483536E-29  2.8955025318724E-07  2.8955025318724E-07  8.8159707668415E+10
  4  2.9486621928539E-07 -1.2621774483536E-29  2.9486621928539E-07  2.9486621928539E-07  8.8159707668415E+10
  5  3.0212424224107E-07  0.0000000000000E+00  3.0212424224107E-07  3.0212424224107E-07  8.8159707668415E+10
  6  2.9054991356757E-07 -1.2621774483536E-29  2.9054991356757E-07  2.9054991356757E-07  8.8159707668415E+10
  7  2.7917889050327E-07  0.0000000000000E+00  2.7917889050327E-07  2.7917889050327E-07  8.8159707668415E+10
  8  2.1756170722692E-07  0.0000000000000E+00  2.1756170722692E-07  2.1756170722692E-07  8.8159707668415E+10
  9  1.5622327164834E-07 -3.1554436208840E-30  1.5622327164834E-07  1.5622327164834E-07  8.8159707668415E+10
 10  1.3687451777701E-07  1.7763568394003E-15  1.3687451777701E-07  1.3687451777701E-07  8.8159707668415E+10
 11  1.3140732060621E-07  0.0000000000000E+00  1.3140732060621E-07  1.3140732060621E-07  8.8159707668415E+10
 12  1.2608920796869E-07  1.7763568394003E-15  1.2608920796869E-07  1.2608920796869E-07  8.8159707668415E+10
 13  1.2057653311976E-07  0.0000000000000E+00  1.2057653311976E-07  1.2057653311976E-07  8.8159707668415E+10
 14  1.1533773371093E-07  0.0000000000000E+00  1.1533773371093E-07  1.1533773371093E-07  8.8159707668415E+10
 15  1.0909894092540E-07  0.0000000000000E+00  1.0909894092540E-07  1.0909894092540E-07  1.3223956150262E+11
 16  1.0284820441321E-07  1.2560739669470E-15  1.0284820441321E-07  1.0284820441321E-07  1.3223956150262E+11
 17  1.0204407149100E-07  0.0000000000000E+00  1.0204407149100E-07  1.0204407149100E-07  1.3223956150262E+11
 18  1.0124658151280E-07  1.2560739669470E-15  1.0124658151280E-07  1.0124658151280E-07  1.3223956150262E+11
 19  1.0048798163273E-07  1.2560739669470E-15  1.0048798163273E-07  1.0048798163273E-07  1.3223956150262E+11
 20  9.8605532396722E-08 -3.1554436208840E-30  9.8605532396722E-08  9.8605532396722E-08  1.7631941533683E+11
 21 -5.7415733051758E-07 -1.0097419586829E-28 -5.7415733051758E-07 -5.7415733051758E-07  1.7631941533683E+11
 22 -5.0825521693399E-07  0.0000000000000E+00 -5.0825521693399E-07 -5.0825521693399E-07  1.7631941533683E+11
 23 -4.4325439497254E-07  0.0000000000000E+00 -4.4325439497254E-07 -4.4325439497254E-07  1.7631941533683E+11
 24 -3.4947635037657E-07  0.0000000000000E+00 -3.4947635037657E-07 -3.4947635037657E-07  4.4079853834208E+11
 25 -2.6976302906140E-07  0.0000000000000E+00 -2.6976302906140E-07 -2.6976302906140E-07  4.4079853834208E+11
 26 -1.7017228628348E-07  0.0000000000000E+00 -1.7017228628348E-07 -1.7017228628348E-07  8.8159707668415E+11
 27 -1.4831640414387E-07  2.5121479338940E-15 -1.4831640414387E-07 -1.4831640414387E-07  1.3223956150262E+12
 28 -1.2671611937534E-07  0.0000000000000E+00 -1.2671611937534E-07 -1.2671611937534E-07  1.3223956150262E+12
 29 -1.0413521544936E-07  1.2560739669470E-15 -1.0413521544936E-07 -1.0413521544936E-07  1.7631941533683E+12
 30 -7.3356096093728E-08 -7.8886090522101E-31 -7.3356096093728E-08 -7.3356096093728E-08  2.6447912300525E+12
 31 -4.4071788541937E-08  0.0000000000000E+00 -4.4071788541937E-08 -4.4071788541937E-08  3.5263883067366E+12
 32 -2.4506119280260E-08  3.1401849173676E-16 -2.4506119280260E-08 -2.4506119280260E-08  3.5263883067366E+12
 33 -1.4028981708628E-08  0.0000000000000E+00 -1.4028981708628E-08 -1.4028981708628E-08  3.5263883067366E+12
 34 -7.9343900121962E-09 -1.2325951644078E-32 -7.9343900121962E-09 -7.9343900121962E-09  4.4079853834208E+12
 35 -4.9478360168902E-09 -9.2444637330587E-33 -4.9478360168902E-09 -4.9478360168902E-09  4.4079853834208E+12
 
 field : S_DIN    ; Iter =         2 ; region #   0 ; nb.Lev =  35
 k | --   Average    -- | --   Std.Dev    -- | --     min      -- | --     max      -- | --    Vol
  0 -4.6339242620817E-08  1.0676175851265E-07 -5.7384479448418E-07  3.0187967660157E-07  3.0811817830111E+13
  1  2.8915847403590E-07 -1.2621774483536E-29  2.8915847403590E-07  2.8915847403590E-07  8.8159707668415E+10
  2  2.8926562937450E-07  0.0000000000000E+00  2.8926562937450E-07  2.8926562937450E-07  8.8159707668415E+10
  3  2.8944467642885E-07  3.5527136788005E-15  2.8944467642885E-07  2.8944467642885E-07  8.8159707668415E+10
  4  2.9419421671544E-07 -1.2621774483536E-29  2.9419421671544E-07  2.9419421671544E-07  8.8159707668415E+10
  5  3.0187967660157E-07  0.0000000000000E+00  3.0187967660157E-07  3.0187967660157E-07  8.8159707668415E+10
  6  2.9019543641284E-07  0.0000000000000E+00  2.9019543641284E-07  2.9019543641284E-07  8.8159707668415E+10
  7  2.7881484836356E-07  0.0000000000000E+00  2.7881484836356E-07  2.7881484836356E-07  8.8159707668415E+10
  8  2.1745765812066E-07  0.0000000000000E+00  2.1745765812066E-07  2.1745765812066E-07  8.8159707668415E+10
  9  1.5617414789476E-07 -6.3108872417681E-30  1.5617414789476E-07  1.5617414789476E-07  8.8159707668415E+10
 10  1.3683937302893E-07  0.0000000000000E+00  1.3683937302893E-07  1.3683937302893E-07  8.8159707668415E+10
 11  1.3136569769256E-07 -6.3108872417681E-30  1.3136569769256E-07  1.3136569769256E-07  8.8159707668415E+10
 12  1.2603906862573E-07  0.0000000000000E+00  1.2603906862573E-07  1.2603906862573E-07  8.8159707668415E+10
 13  1.2052930990520E-07  1.7763568394003E-15  1.2052930990520E-07  1.2052930990520E-07  8.8159707668415E+10
 14  1.1528806404230E-07  1.7763568394003E-15  1.1528806404230E-07  1.1528806404230E-07  8.8159707668415E+10
 15  1.0904393151802E-07 -1.5777218104420E-30  1.0904393151802E-07  1.0904393151802E-07  1.3223956150262E+11
 16  1.0278874702399E-07 -1.5777218104420E-30  1.0278874702399E-07  1.0278874702399E-07  1.3223956150262E+11
 17  1.0198670163190E-07 -3.1554436208840E-30  1.0198670163190E-07  1.0198670163190E-07  1.3223956150262E+11
 18  1.0119010922630E-07  0.0000000000000E+00  1.0119010922630E-07  1.0119010922630E-07  1.3223956150262E+11
 19  1.0043233135655E-07  0.0000000000000E+00  1.0043233135655E-07  1.0043233135655E-07  1.3223956150262E+11
 20  9.8550416216536E-08  0.0000000000000E+00  9.8550416216536E-08  9.8550416216536E-08  1.7631941533683E+11
 21 -5.7384479448418E-07  7.1054273576010E-15 -5.7384479448418E-07 -5.7384479448418E-07  1.7631941533683E+11
 22 -5.0798086497077E-07  0.0000000000000E+00 -5.0798086497077E-07 -5.0798086497077E-07  1.7631941533683E+11
 23 -4.4301963723096E-07 -2.5243548967072E-29 -4.4301963723096E-07 -4.4301963723096E-07  1.7631941533683E+11
 24 -3.4929210334116E-07  0.0000000000000E+00 -3.4929210334116E-07 -3.4929210334116E-07  4.4079853834208E+11
 25 -2.6962585668976E-07  5.0242958677881E-15 -2.6962585668976E-07 -2.6962585668976E-07  4.4079853834208E+11
 26 -1.7008989087003E-07  2.5121479338940E-15 -1.7008989087003E-07 -1.7008989087003E-07  8.8159707668415E+11
 27 -1.4826052138641E-07  0.0000000000000E+00 -1.4826052138641E-07 -1.4826052138641E-07  1.3223956150262E+12
 28 -1.2669454396354E-07  0.0000000000000E+00 -1.2669454396354E-07 -1.2669454396354E-07  1.3223956150262E+12
 29 -1.0412665049073E-07  2.1755839288168E-15 -1.0412665049073E-07 -1.0412665049073E-07  1.7631941533683E+12
 30 -7.3362150077400E-08 -7.8886090522101E-31 -7.3362150077400E-08 -7.3362150077400E-08  2.6447912300525E+12
 31 -4.4081364002543E-08  0.0000000000000E+00 -4.4081364002543E-08 -4.4081364002543E-08  3.5263883067366E+12
 32 -2.4514839890067E-08  4.4408920985006E-16 -2.4514839890067E-08 -2.4514839890067E-08  3.5263883067366E+12
 33 -1.4033200925418E-08  0.0000000000000E+00 -1.4033200925418E-08 -1.4033200925418E-08  3.5263883067366E+12
 34 -7.9357479486478E-09 -2.4651903288157E-32 -7.9357479486477E-09 -7.9357479486477E-09  4.4079853834208E+12
 35 -4.9521750404077E-09  0.0000000000000E+00 -4.9521750404077E-09 -4.9521750404077E-09  4.4079853834208E+12
 
 field : S_DIN    ; Iter =         3 ; region #   0 ; nb.Lev =  35
 k | --   Average    -- | --   Std.Dev    -- | --     min      -- | --     max      -- | --    Vol
  0 -4.6335768421976E-08  1.0670153117447E-07 -5.7353238358340E-07  3.0162805317031E-07  3.0811817830111E+13
  1  2.8920167322498E-07  0.0000000000000E+00  2.8920167322498E-07  2.8920167322498E-07  8.8159707668415E+10
  2  2.8933298923329E-07  0.0000000000000E+00  2.8933298923329E-07  2.8933298923329E-07  8.8159707668415E+10
  3  2.8960416292655E-07  0.0000000000000E+00  2.8960416292655E-07  2.8960416292655E-07  8.8159707668415E+10
  4  2.9298103654646E-07  0.0000000000000E+00  2.9298103654646E-07  2.9298103654646E-07  8.8159707668415E+10
  5  3.0162805317031E-07  0.0000000000000E+00  3.0162805317031E-07  3.0162805317031E-07  8.8159707668415E+10
  6  2.8984711330514E-07  0.0000000000000E+00  2.8984711330514E-07  2.8984711330514E-07  8.8159707668415E+10
  7  2.7845178094298E-07  0.0000000000000E+00  2.7845178094298E-07  2.7845178094298E-07  8.8159707668415E+10
  8  2.1734535286938E-07  2.5121479338940E-15  2.1734535286938E-07  2.1734535286938E-07  8.8159707668415E+10
  9  1.5612522696665E-07  2.5121479338940E-15  1.5612522696665E-07  1.5612522696665E-07  8.8159707668415E+10
 10  1.3680357117984E-07  0.0000000000000E+00  1.3680357117984E-07  1.3680357117984E-07  8.8159707668415E+10
 11  1.3132399979768E-07  0.0000000000000E+00  1.3132399979768E-07  1.3132399979768E-07  8.8159707668415E+10
 12  1.2598913606408E-07 -3.1554436208840E-30  1.2598913606408E-07  1.2598913606408E-07  8.8159707668415E+10
 13  1.2048192172268E-07  0.0000000000000E+00  1.2048192172268E-07  1.2048192172268E-07  8.8159707668415E+10
 14  1.1523842076358E-07  0.0000000000000E+00  1.1523842076358E-07  1.1523842076358E-07  8.8159707668415E+10
 15  1.0898902816947E-07  1.2560739669470E-15  1.0898902816947E-07  1.0898902816947E-07  1.3223956150262E+11
 16  1.0272942847338E-07  1.2560739669470E-15  1.0272942847338E-07  1.0272942847338E-07  1.3223956150262E+11
 17  1.0192929722187E-07  1.2560739669470E-15  1.0192929722187E-07  1.0192929722187E-07  1.3223956150262E+11
 18  1.0113366573024E-07 -3.1554436208840E-30  1.0113366573024E-07  1.0113366573024E-07  1.3223956150262E+11
 19  1.0037670826425E-07  1.2560739669470E-15  1.0037670826425E-07  1.0037670826425E-07  1.3223956150262E+11
 20  9.8495328058451E-08  1.2560739669470E-15  9.8495328058451E-08  9.8495328058451E-08  1.7631941533683E+11
 21 -5.7353238358340E-07 -5.0487097934145E-29 -5.7353238358340E-07 -5.7353238358340E-07  1.7631941533683E+11
 22 -5.0770664719166E-07 -1.0097419586829E-28 -5.0770664719166E-07 -5.0770664719166E-07  1.7631941533683E+11
 23 -4.4278498433474E-07 -5.0487097934145E-29 -4.4278498433474E-07 -4.4278498433474E-07  1.7631941533683E+11
 24 -3.4910794253450E-07  5.0242958677881E-15 -3.4910794253450E-07 -3.4910794253450E-07  4.4079853834208E+11
 25 -2.6948872261556E-07  0.0000000000000E+00 -2.6948872261556E-07 -2.6948872261556E-07  4.4079853834208E+11
 26 -1.7000752315936E-07  0.0000000000000E+00 -1.7000752315936E-07 -1.7000752315936E-07  8.8159707668415E+11
 27 -1.4820461328568E-07  0.0000000000000E+00 -1.4820461328568E-07 -1.4820461328568E-07  1.3223956150262E+12
 28 -1.2667289247034E-07  2.5121479338940E-15 -1.2667289247034E-07 -1.2667289247034E-07  1.3223956150262E+12
 29 -1.0411806388229E-07  1.2560739669470E-15 -1.0411806388229E-07 -1.0411806388229E-07  1.7631941533683E+12
 30 -7.3368181088356E-08  1.2560739669470E-15 -7.3368181088356E-08 -7.3368181088356E-08  2.6447912300525E+12
 31 -4.4090931164756E-08  0.0000000000000E+00 -4.4090931164756E-08 -4.4090931164756E-08  3.5263883067366E+12
 32 -2.4523557125383E-08  0.0000000000000E+00 -2.4523557125383E-08 -2.4523557125383E-08  3.5263883067366E+12
 33 -1.4037422648910E-08  2.2204460492503E-16 -1.4037422648910E-08 -1.4037422648910E-08  3.5263883067366E+12
 34 -7.9371074713414E-09  0.0000000000000E+00 -7.9371074713414E-09 -7.9371074713414E-09  4.4079853834208E+12
 35 -4.9565130954123E-09  0.0000000000000E+00 -4.9565130954123E-09 -4.9565130954123E-09  4.4079853834208E+12
 
 field : S_DIN    ; Iter =         4 ; region #   0 ; nb.Lev =  35
 k | --   Average    -- | --   Std.Dev    -- | --     min      -- | --     max      -- | --    Vol
  0 -4.6332260368224E-08  1.0664143683864E-07 -5.7322009827798E-07  3.0132098957703E-07  3.0811817830111E+13
  1  2.8933804810655E-07  0.0000000000000E+00  2.8933804810655E-07  2.8933804810655E-07  8.8159707668415E+10
  2  2.8949041861675E-07  0.0000000000000E+00  2.8949041861675E-07  2.8949041861675E-07  8.8159707668415E+10
  3  2.8978787690360E-07  0.0000000000000E+00  2.8978787690360E-07  2.8978787690360E-07  8.8159707668415E+10
  4  2.9162774100248E-07 -1.2621774483536E-29  2.9162774100248E-07  2.9162774100248E-07  8.8159707668415E+10
  5  3.0132098957703E-07 -2.5243548967072E-29  3.0132098957703E-07  3.0132098957703E-07  8.8159707668415E+10
  6  2.8950438651954E-07 -1.2621774483536E-29  2.8950438651954E-07  2.8950438651954E-07  8.8159707668415E+10
  7  2.7808990244979E-07  0.0000000000000E+00  2.7808990244979E-07  2.7808990244979E-07  8.8159707668415E+10
  8  2.1722518532347E-07  2.5121479338940E-15  2.1722518532347E-07  2.1722518532347E-07  8.8159707668415E+10
  9  1.5607615094832E-07 -3.1554436208840E-30  1.5607615094832E-07  1.5607615094832E-07  8.8159707668415E+10
 10  1.3676714768906E-07  0.0000000000000E+00  1.3676714768906E-07  1.3676714768906E-07  8.8159707668415E+10
 11  1.3128220213975E-07  0.0000000000000E+00  1.3128220213975E-07  1.3128220213975E-07  8.8159707668415E+10
 12  1.2593939803360E-07  0.0000000000000E+00  1.2593939803360E-07  1.2593939803360E-07  8.8159707668415E+10
 13  1.2043438379243E-07 -3.1554436208840E-30  1.2043438379243E-07  1.2043438379243E-07  8.8159707668415E+10
 14  1.1518879629328E-07  0.0000000000000E+00  1.1518879629328E-07  1.1518879629328E-07  8.8159707668415E+10
 15  1.0893422889619E-07  0.0000000000000E+00  1.0893422889619E-07  1.0893422889619E-07  1.3223956150262E+11
 16  1.0267024796482E-07  0.0000000000000E+00  1.0267024796482E-07  1.0267024796482E-07  1.3223956150262E+11
 17  1.0187186295817E-07  1.2560739669470E-15  1.0187186295817E-07  1.0187186295817E-07  1.3223956150262E+11
 18  1.0107724922185E-07  0.0000000000000E+00  1.0107724922185E-07  1.0107724922185E-07  1.3223956150262E+11
 19  1.0032111234373E-07  0.0000000000000E+00  1.0032111234373E-07  1.0032111234373E-07  1.3223956150262E+11
 20  9.8440267921794E-08  1.2560739669470E-15  9.8440267921794E-08  9.8440267921794E-08  1.7631941533683E+11
 21 -5.7322009827798E-07  0.0000000000000E+00 -5.7322009827798E-07 -5.7322009827798E-07  1.7631941533683E+11
 22 -5.0743256294281E-07  0.0000000000000E+00 -5.0743256294281E-07 -5.0743256294281E-07  1.7631941533683E+11
 23 -4.4255043627272E-07  5.0242958677881E-15 -4.4255043627272E-07 -4.4255043627272E-07  1.7631941533683E+11
 24 -3.4892386788200E-07  0.0000000000000E+00 -3.4892386788200E-07 -3.4892386788200E-07  4.4079853834208E+11
 25 -2.6935162702052E-07 -1.2621774483536E-29 -2.6935162702052E-07 -2.6935162702052E-07  4.4079853834208E+11
 26 -1.6992518307333E-07  3.5527136788005E-15 -1.6992518307333E-07 -1.6992518307333E-07  8.8159707668415E+11
 27 -1.4814867999290E-07 -3.1554436208840E-30 -1.4814867999290E-07 -1.4814867999290E-07  1.3223956150262E+12
 28 -1.2665116507279E-07 -3.1554436208840E-30 -1.2665116507279E-07 -1.2665116507279E-07  1.3223956150262E+12
 29 -1.0410945552349E-07  1.2560739669470E-15 -1.0410945552349E-07 -1.0410945552349E-07  1.7631941533683E+12
 30 -7.3374189139836E-08 -7.8886090522101E-31 -7.3374189139836E-08 -7.3374189139836E-08  2.6447912300525E+12
 31 -4.4100490017523E-08  0.0000000000000E+00 -4.4100490017523E-08 -4.4100490017523E-08  3.5263883067366E+12
 32 -2.4532270982977E-08  4.4408920985006E-16 -2.4532270982977E-08 -2.4532270982977E-08  3.5263883067366E+12
 33 -1.4041646872122E-08  2.2204460492503E-16 -1.4041646872122E-08 -1.4041646872122E-08  3.5263883067366E+12
 34 -7.9384685805327E-09  1.1102230246252E-16 -7.9384685805327E-09 -7.9384685805327E-09  4.4079853834208E+12
 35 -4.9608501839185E-09 -9.2444637330587E-33 -4.9608501839185E-09 -4.9608501839185E-09  4.4079853834208E+12
 
# records End here.
